-1.4707
0.52037
1.0036
0.10486
-0.7622
0.04853
0.27846
-0.39065
-0.30251
0.71926
-1.2698
-2.4773
0.41798
-0.54933
-0.2759
-0.287
1.3935
0.52077
0.54624
-1.4714
2.3116
0.47162
-1.1205
-2.8999
0.67253
1.3625
-0.020611
-1.4329
-1.6672
-0.053386
-0.22425
0.47986
-0.44814
-0.17151
-0.91885
-1.8425
0.93895
-1.0906
1.6368
0.96195
-0.23127
1.9119
1.2389
-1.6254
-0.24461
-1.7931
-0.53222
-0.2909
0.35517
-2.2363
-0.2699
0.64103
0.030963
-1.7948
-0.0097289
1.3455
0.43969
-1.777
0.21826
0.39127
-0.55153
0.23745
1.2009
0.47446
0.029874
1.391
-0.44405
-0.39121
1.2903
0.0041865
-0.31213
-1.1606
-0.98908
1.6126
-0.24699
-0.83278
0.14421
-1.0984
0.15052
-0.9033
-0.087616
0.8935
-1.2911
-1.2919
0.65789
0.1815
2.46
-0.23108
-1.079
-0.77652
-0.93023
1.0072
-1.0262
-0.67448
0.68278
0.77358
0.0042476
0.12153
0.10435
1.0141
0.87042
-0.33484
0.14411
-0.84042
1.3137
1.0201
0.54833
0.70467
-1.028
1.2581
0.046413
1.0083
0.28588
2.2583
0.079846
0.57747
-0.19182
-0.27901
1.0754
0.26646
-1.5943
-1.5553
-0.50532
-0.020794
-2.1711
-0.46386
-1.835
1.9291
-0.54666
-1.4309
1.116
1.4534
-0.89436
0.22757
1.1037
0.021352
-1.8141
0.20731
-0.28813
-0.45131
1.3531
1.228
-0.68999
-1.1679
0.22992
0.59373
0.73467
-0.028936
0.89694
-1.0106
-0.86716
0.64565
0.043121
-1.3322
0.71524
-0.028686
-0.44552
0.46901
0.43209
0.45718
-0.77604
1.0585
0.28165
1.5071
-0.063105
-0.88462
1.6439
-0.82853
1.0626
-0.90093
0.34706
-0.3072
-0.023592
0.80693
-0.94138
0.97048
-0.065187
-1.4225
-1.132
-1.9073
-0.36707
-0.69204
0.35805
-0.77106
0.26673
-0.27218
-1.7848
0.11291
-0.012734
-1.4509
-0.10015
-0.11706
-1.0722
0.88463
1.6795
1.2291
1.3764
0.0052193
0.5939
-0.35374
-1.248
1.1604
0.0051062
1.7307
0.38064
0.39148
-0.77743
0.38978
-0.2302
-2.006
0.23845
0.075066
0.3332
-1.5942
0.1719
-0.43117
0.18233
-0.21232
-1.0581
-0.41615
1.5224
-1.0485
0.79812
-1.6309
2.9269
-1.1488
-0.65513
-0.63058
-1.2427
-1.907
0.38881
0.82365
0.2587
0.91362
-0.93512
0.11611
-0.24417
0.74049
-1.6066
-0.44658
0.0094202
0.14726
-0.63662
-0.7889
0.76318
1.2926
-1.7325
-1.1663
0.36627
1.598
0.31114
-1.2944
-1.53
-0.39177
-0.38972
0.76864
-0.49365
0.10615
-1.1531
1.5973
-0.72775
-0.012026
0.32366
-1.1161
0.082377
0.83278
-1.4859
-0.048447
-0.20897
2.1637
-1.1143
-0.86056
1.5161
-1.2552
-0.51165
1.4267
0.14144
-0.38854
1.4215
0.19034
0.39452
-0.62014
-0.88294
-0.81015
-1.2329
-1.2073
1.2246
1.0744
0.69788
0.20989
-0.52793
0.079132
0.3862
1.0632
0.43337
-0.15019
-0.022788
-1.5754
0.7069
-0.5562
-0.91787
1.9746
0.87695
-1.4505
-0.35867
-2.1726
0.30565
0.015439
-1.4681
-0.96317
2.1949
0.40186
0.54242
0.11333
1.0734
-0.02829
1.3298
0.16161
-0.34727
-1.5561
0.42366
0.68681
1.1833
-0.056016
1.3186
-0.41658
0.58108
0.44917
-0.49399
1.5954
0.091139
0.54063
0.032725
0.52826
-1.6334
-0.75059
0.57638
1.7702
0.63203
0.044749
1.0106
-1.0589
1.2383
-0.59443
-1.1169
0.046998
-1.0156
-1.1839
1.7516
2.1434
0.85605
0.0045597
0.26883
0.53155
0.25642
1.4115
-0.13778
0.047937
1.4059
1.466
-0.51612
-1.8737
0.49564
0.55098
2.1987
-0.043901
-0.46763
-0.97556
-1.0971
1.6923
0.58212
-1.1694
-0.081068
0.82145
0.54892
2.1371
1.612
0.064189
-0.81965
0.60388
-1.3678
-1.1938
0.465
1.8662
0.96763
1.7521
-0.35435
-0.068366
-0.020312
0.80139
0.80458
-1.0481
0.65615
-1.8164
0.75727
0.070901
0.48343
1.1742
-0.39594
-0.49874
0.515
0.17415
-0.23795
-0.1202
0.64524
0.0032712
-0.094747
-1.1733
0.1006
0.21993
0.032663
-0.66693
-0.94275
-1.0917
1.0185
-0.076545
-1.6448
-0.37797
-0.23137
-0.93114
0.11137
-0.053859
-0.72762
0.73751
-0.42583
1.2184
1.2194
0.15288
1.1605
0.52335
-0.89785
-0.23615
-0.69111
-1.5038
0.16628
-0.15011
-1.4463
0.39199
-0.28551
0.58587
0.89094
2.2504
0.097647
0.29453
0.93682
0.82631
0.45087
-1.6953
-1.098
-0.61149
-2.4586
-0.16564
0.79243
-0.27656
1.288
1.0096
1.852
1.0918
1.5457
0.79347
3.4396
1.6031
-0.20941
-0.71727
-0.66193
0.31911
0.30114
1.1101
1.8803
0.34481
-0.68166
-0.046969
-0.39719
0.48978
0.10329
-0.33892
-1.1889
0.31977
-0.68774
-0.39385
-0.32993
0.36384
0.92932
-0.41257
-0.065823
-0.6596
0.99027
0.50239
0.70837
-1.3383
0.32954
1.5944
-0.56961
0.46606
0.060188
-0.20635
-1.813
0.074382
-0.048396
0.60289
1.3
0.52189
0.645
0.78489
0.2105
0.45807
-0.76999
-0.023701
-0.53776
0.15408
-0.29499
-0.63313
0.50227
0.62181
-0.52606
-0.57697
-1.6155
-0.25073
-0.13517
0.27607
0.30894
0.11008
-0.77304
1.0084
-0.079045
0.27973
-0.61362
1.3123
-1.3793
-0.14643
-0.75421
-0.51597
0.10743
1.3202
-1.5758
-0.99433
0.427
0.35384
0.39324
0.14004
-0.033862
0.062429
0.98807
0.35176
-0.46135
-0.25727
-0.97166
-0.73097
0.7369
1.5116
1.273
1.4683
1.2233
1.5581
-0.1761
0.74348
-0.68854
1.6933
0.93837
-0.37912
0.77924
0.87096
-1.9123
1.0184
1.2177
0.20732
-0.10086
1.8777
0.8742
0.15795
-0.72034
0.54824
1.048
-0.10997
-0.43479
-2.2801
-2.5907
0.74398
0.59167
-0.72284
1.8805
2.3638
-0.59156
0.4222
0.05801
0.85551
-1.2942
-0.17264
0.1163
-1.2973
-0.38787
0.91448
-0.15547
0.41292
0.089188
-0.44798
1.523
-2.1782
-0.38221
0.68682
-1.1147
-1.5905
-0.44944
1.3741
-0.93267
0.18732
1.8239
1.559
-1.1509
0.44971
0.49273
-1.1451
0.52511
-0.36376
0.087224
-0.40217
1.1567
-0.29438
-0.7196
-0.25127
-0.42313
1.3591
0.63131
-0.82479
1.1363
-0.50251
-0.35301
-0.24084
0.31117
0.90029
0.89656
2.1272
0.71408
0.20289
1.8054
-0.80497
-0.99412
-0.31044
0.50945
-0.1009
-1.2492
0.075775
-0.77641
1.0089
0.35733
0.62887
0.65378
-0.029195
1.3714
0.85077
0.78701
-0.91967
-1.238
1.8081
-0.03929
-1.1364
0.97625
-0.47634
-1.638
0.39939
0.49345
0.076047
0.60142
-1.162
0.92551
-0.71614
0.81837
0.83967
1.5344
-0.16509
0.34494
-0.45928
-0.92641
0.75622
-0.74271
-1.0442
-0.27256
0.67249
-0.23569
-1.4091
1.7374
0.48182
-1.4083
0.28777
1.0704
-0.096161
0.67907
0.36806
-0.74112
-0.35078
-0.089653
1.2435
0.78935
-1.9513
1.1796
-0.34447
-0.34288
1.8732
-1.7983
1.656
0.95191
0.56136
-0.096899
-1.5557
-1.2061
-0.14069
-0.22367
-0.41049
-1.887
0.7878
0.97092
0.47779
-0.64753
-0.59901
-0.54859
-0.54186
-2.4616
0.4886
-1.4534
0.16505
-0.032849
-0.24703
0.11943
-0.79489
-0.021601
0.53873
0.059124
-1.3448
1.5961
1.6436
-0.29453
0.043906
-0.7933
-2.0821
1.4441
-0.12754
1.655
-0.4704
-0.23401
0.30352
-0.14076
0.35546
-1.0041
-0.81974
0.76288
-1.04
-2.472
0.42284
1.4471
2.2566
-0.020047
0.36762
-0.19395
0.43226
-0.47334
0.066635
-0.065822
-0.35975
0.86831
-1.1795
0.57271
1.5142
0.8041
-1.0816
-0.49207
-0.19378
-1.0937
-1.154
-0.96601
1.8495
1.2296
-1.2412
0.070653
0.23488
-0.74355
0.76085
-0.22198
0.0083274
-0.34223
2.423
-0.34277
0.42401
-0.025729
-1.8444
0.98917
-1.4028
1.8251
-0.37149
-0.21862
-1.2055
-0.34754
1.4329
1.2702
-1.3331
-0.2516
-1.0634
-0.32825
-0.4647
0.13298
-1.1697
0.18838
1.1715
0.20937
0.075754
-0.25347
0.56704
-0.30111
0.88185
2.2531
1.1016
0.60779
-0.53582
0.48797
-1.1109
0.40017
-0.22008
-0.39831
-0.35457
-0.83747
1.2746
0.084193
1.3553
-0.00087423
-0.53357
1.114
1.8509
0.78324
-0.64669
-1.6229
0.013533
1.1995
-0.50711
0.0032747
0.94229
-1.3994
-0.7085
0.78607
-1.1947
-0.28465
-1.5675
-0.76175
0.49809
-1.6576
-0.37148
0.75952
0.14137
1.2909
0.80011
-1.0639
0.19858
-0.1225
-1.3456
0.19552
-0.90503
-1.1161
0.025515
-1.3587
-0.78919
-0.18108
0.53042
-0.50769
0.47474
-0.18248
0.40854
-0.95317
0.74289
-1.3505
0.24809
-1.5643
0.60288
2.3038
-1.7385
2.072
0.56212
-1.4769
-0.31685
-0.54805
0.80868
-0.28703
1.0045
-0.7033
-0.56856
1.4407
-0.53613
0.85939
1.2287
-0.38658
-0.2796
-2.0029
1.0273
-0.1471
1.4468
0.13407
1.4551
-0.87411
1.6953
0.392
0.13706
0.43995
-1.6736
-2.6968
-1.4417
0.40152
0.28977
1.1041
1.0358
-0.33907
-1.02
0.29558
-0.12222
-0.11975
0.23176
0.074877
0.6176
0.27331
-0.72837
0.36307
1.5129
-1.6455
1.6719
0.68488
-0.14225
-0.90718
0.33869
-0.50614
1.4557
-0.46245
1.7113
-2.6816
0.74846
0.60336
0.041979
0.64458
1.784
-1.9959
-1.0685
-0.23859
-0.48659
0.16541
0.51151
-0.50623
0.65612
0.75429
0.75734
1.2959
0.18306
-0.032534
-0.75362
-1.2768
-0.10656
-0.24979
1.2687
1.5677
-0.17271
0.48197
-0.34468
-0.74539
-0.53649
-0.70289
1.1906
-0.16313
-0.61985
-0.26752
0.82806
-0.023809
-0.062902
-0.18718
-0.22163
1.1763
0.53582
-0.41448
-1.3122
-0.56018
-0.59306
0.44858
0.52062
-0.27361
-0.48864
-0.82546
-0.36723
-0.83484
-0.050714
-1.4554
0.28814
0.0039439
1.1278
0.45354
0.12834
0.88857
0.2197
0.50615
-1.2753
1.1429
-0.096963
0.31912
-1.2427
-0.27931
1.2136
0.48324
0.48963
0.90311
1.0311
0.67635
-0.25412
1.0853
-1.2293
0.02687
-0.8235
0.79987
-1.7528
-0.83313
0.74551
-0.16569
-1.1806
0.19171
-0.41274
1.4924
-1.8955
0.6321
0.041902
1.2245
-1.696
1.8469
0.97109
0.23993
0.20801
-0.37298
-0.67394
-1.3556
0.79334
-0.13537
0.78168
-1.4286
0.55199
-0.61804
0.61676
-0.58471
-0.7166
0.63458
-1.1324
-0.31456
-0.38655
0.80362
-1.1012
-1.231
0.43335
1.889
0.9287
1.4444
0.95203
-0.44119
-1.3191
-1.0371
0.011154
0.28036
0.022148
0.085348
-0.83705
-0.77979
-1.5037
0.5289
1.061
0.75335
2.145
1.1742
-2.1789
-1.2753
-0.53162
0.65548
-1.8392
1.4648
-0.15883
-0.44381
-0.45691
-0.70565
-0.53146
-0.6217
-0.15044
0.5209
-0.20997
0.19062
-0.4384
-0.20273
0.4573
-0.11521
2.3436
-1.7571
2.512
-1.2959
-0.57967
1.2534
0.020792
1.4127
1.4464
-1.0256
0.25024
0.38287
1.5207
-0.24616
0.94972
0.59608
0.50288
-0.92957
-1.6546
0.91766
0.61307
1.2083
0.67023
0.32754
-0.32742
0.63758
-0.3622
-1.3709
0.46089
0.028031
-0.28407
0.33651
-0.18255
-1.3742
0.39098
-1.5823
-0.97468
-1.167
0.52328
-1.0781
0.32154
0.14841
0.97691
-0.78245
-0.074193
0.50059
0.10115
-0.6811
0.48133
-1.1399
-0.36314
0.65866
-0.32051
0.17606
-0.85022
0.32444
2.4244
-0.12461
1.5398
-0.60236
0.077886
-0.0059889
1.5147
0.55213
0.11807
-0.70138
-0.94731
1.883
-0.93204
-0.77453
-0.019437
2.1528
-0.53022
-0.65921
1.6167
-1.2024
-0.41889
0.3212
1.7678
-3.0189
0.32722
-1.1007
0.63724
-0.17593
0.91381
-0.38096
-1.2751
1.2009
0.76494
-1.1923
0.456
0.064925
0.84975
0.32848
-0.6045
1.8264
-1.1557
-0.85671
-0.61881
-0.65112
-0.8566
-0.29073
-1.1321
0.81758
1.0949
-0.99923
1.0874
0.16333
-0.33256
-1.7471
-0.56386
1.0999
0.24189
1.691
0.8431
0.22655
-0.48993
-0.73265
1.8316
-0.30678
-0.96704
0.13271
0.40515
0.22785
0.1751
-0.87529
0.4411
0.88483
-0.61806
0.90813
0.79553
-0.99474
-0.2351
0.88807
1.7099
-1.402
0.78575
1.034
0.11206
-2.1608
-1.6029
0.59733
-0.66672
-2.5866
0.13646
-0.79176
-1.4151
-0.55781
-0.48396
1.723
-0.65862
1.2404
0.99381
-0.57531
1.9883
0.47343
-1.7155
-0.06294
-2.5001
0.19383
-0.60044
0.66559
1.4882
2.457
-1.141
1.0072
-2.0356
-2.3939
-0.8843
0.34002
-0.08582
1.3787
0.80797
0.010339
-0.81145
0.063409
-3.1087
-0.49864
-0.225
-0.64203
-0.41758
-0.18321
-0.63618
-0.5435
-1.1425
-0.038628
0.4951
1.2014
-1.0439
-0.31893
1.2108
-1.6599
-1.7437
1.2467
-1.9571
-0.17784
0.082293
0.29952
-2.2603
0.48045
0.87703
0.62748
-0.50198
-0.63423
1.1284
-2.2016
-1.5007
-0.51302
1.7106
0.10916
-0.50226
1.7555
-0.42909
0.19009
-0.56348
-1.6467
0.55131
-0.022169
0.97579
0.83037
0.10035
-1.5009
-0.63212
-0.29482
-2.0478
0.47595
1.1815
0.71668
-1.073
0.38384
-1.1421
0.31655
0.83628
-0.65142
0.54342
0.46781
0.94328
-1.3881
0.11991
0.01378
-0.063537
0.56749
-1.2528
1.7218
-0.068586
0.71848
-0.26273
-0.11238
0.51501
-0.98188
0.16648
0.12189
-0.31718
1.2255
0.55006
-1.9286
-0.81063
-2.1759
0.025082
0.040247
0.11723
-1.1031
-0.35179
-0.26555
-0.56751
-0.39061
0.012004
0.94183
0.47822
0.45092
-1.5343
1.3061
1.5461
-1.1089
0.25793
-0.82807
0.62531
-0.071226
-0.37725
0.52287
-1.7102
-1.6912
1.098
0.063885
0.97003
-0.0049652
-1.5166
-1.4337
-0.58305
-0.17318
-1.1272
-0.59843
0.61367
-2.9123
0.70418
-0.4015
0.044623
-0.66648
-0.026198
-0.69573
-0.53925
1.3419
-1.5255
0.2424
-0.38707
0.34844
-1.6082
2.6368
-0.54773
0.91841
0.55096
-0.95557
-1.8448
-0.3493
2.0498
0.033092
1.9148
0.056814
0.05245
1.2552
-0.6306
0.41871
-0.42624
1.7082
-0.50127
0.52984
-0.44851
-2.836
0.70571
-0.0061094
-1.5407
-0.50251
0.5407
0.98244
-0.54569
0.31118
0.23428
-2.3528
-0.99217
-0.82017
0.43847
0.49045
-0.45513
-0.26345
-0.91205
-1.1262
1.2115
0.98773
0.65649
-0.68751
-1.7201
0.22035
1.2057
0.46091
-0.77596
-0.70373
-0.40751
-1.4034
-1.6559
-0.46291
-1.3209
0.76838
-0.78313
0.028084
0.48932
2.7513
-0.48984
-0.11476
1.095
-0.17966
-0.65022
0.69255
-1.2443
-2.1729
-0.41316
-0.87569
-0.059187
2.3044
0.21706
-0.74112
0.15062
-0.57807
-1.0216
-0.72308
0.55858
1.1138
0.7472
1.0048
0.13459
-1.9782
0.48994
-1.1578
-0.80058
1.9862
-0.26409
0.84499
0.30045
0.93955
0.42352
0.83819
2.0072
-0.12785
1.2668
-1.8591
-0.024685
-0.49935
0.98661
0.11585
1.8307
-0.9323
1.2627
-1.0141
-1.0947
-0.070646
-0.4701
-1.9115
-0.15187
0.63063
-1.4869
1.3593
0.06526
0.6624
1.7315
-1.8552
-0.1584
-1.3674
1.0642
-0.0098929
2.0209
-0.44313
0.73067
0.94186
-2.5254
1.5076
1.0649
-1.3107
0.051039
-0.042245
0.39495
-0.39575
0.81513
-1.3152
-0.32863
2.1727
-1.2874
-2.8261
-0.61367
1.0991
1.3012
0.75722
-1.2209
-0.62766
-1.2769
0.15596
1.1163
-0.37698
0.81283
-0.68707
1.0808
0.055257
-0.44693
-0.99781
0.5543
0.55759
0.54313
0.63798
-0.73408
0.27486
-0.2153
0.32848
-0.61304
0.070242
0.35461
0.31788
-0.56919
1.1275
-0.28041
-0.22942
-0.85663
-0.65487
0.67185
-0.81929
-0.32757
1.4673
-0.50252
0.47229
1.2968
-1.053
-1.5972
-1.1596
2.0421
-0.24185
-0.96703
0.063934
-0.19158
-0.78356
0.47292
-0.88261
-0.78205
-0.11852
0.58707
-1.5412
0.71366
0.34042
-0.17908
0.5019
-0.35954
1.4075
-0.96347
-2.2473
-0.4703
1.1984
-0.57881
-0.3459
-0.99233
2.699
-1.4233
0.25347
-0.14931
0.38022
-1.3757
0.61731
-0.21582
-0.26441
-1.6481
-0.59855
-0.7459
0.30836
-0.70662
1.6693
-0.23389
0.74647
-0.36111
-2.2427
1.6219
-0.282
-1.2663
-1.5595
1.011
-0.29437
-0.026719
0.40249
0.43031
0.61073
-0.35871
-0.54654
-0.46776
1.2564
-1.8413
0.9236
0.01634
-1.0916
0.33858
-0.26727
-1.8142
0.091695
-0.19734
0.50769
0.48756
-0.85696
1.6883
-0.13816
0.25595
0.11016
0.29458
-0.67135
0.9237
-2.1671
-0.35092
1.2755
-2.9904
0.70552
-0.47041
0.74365
0.6587
0.33145
-0.31328
1.292
-0.48645
1.2744
-1.4101
0.78922
-0.30723
0.25828
0.29201
0.79732
-1.0278
-0.54559
0.4377
-0.59475
-0.53211
-0.16317
-0.040987
-1.2496
-1.1368
-1.4827
0.13196
-0.81994
1.06
0.16444
-0.90277
0.15883
0.28579
0.53476
0.25814
-0.17657
0.37556
1.3931
0.41294
0.73487
1.8266
-0.51471
-0.017704
0.66004
0.75155
-0.30857
0.96695
0.59203
0.21753
1.2586
0.1477
-1.3375
0.20115
-0.83762
0.31979
1.7714
0.42431
1.5917
0.86303
-0.57021
-0.14395
0.05038
0.49999
-0.37129
0.60294
2.188
-0.85336
0.22347
-0.14125
0.46536
-1.0341
-0.16843
-0.038525
-0.02825
0.69687
-1.4394
-1.2889
-0.44633
1.739
1.1544
-0.53357
1.1933
-0.44703
0.87522
0.077399
-2.4638
-0.15786
1.2468
-0.40291
0.12057
-0.20741
-0.90192
0.89859
1.1883
-0.77163
-1.6969
1.3927
1.7504
-1.2636
-0.26095
1.3575
0.21023
0.41063
-0.13046
-0.87975
-1.0297
2.1362
-1.7783
0.99298
-0.052338
-0.067297
1.1975
0.79052
-0.98106
0.99817
0.90858
0.55458
2.8457
0.85382
-0.3657
-0.67507
0.16412
0.96381
-0.20188
0.30661
-0.55702
-0.79413
-1.3233
0.59761
0.83981
0.54282
-0.19395
1.0489
0.58143
3.4733
0.5239
-0.20603
0.59778
0.61222
0.34987
-0.18823
-1.0473
-0.36471
0.46756
-0.75738
1.4793
0.0030528
-1.07
0.47906
-0.02296
1.0679
-0.062255
1.1975
0.23254
-0.89326
0.55287
2.286
1.1173
0.83128
-0.2013
-2.0445
0.48934
1.9775
-0.51558
0.37508
-0.94628
0.58311
-1.7523
2.0135
0.38443
-0.19047
0.33623
0.52054
1.392
-1.0836
1.614
0.47024
0.29968
-0.59214
-1.7587
-1.5048
1.1084
0.64098
-0.83031
-0.24215
-0.28659
-0.5314
0.11683
1.4323
-1.466
-0.56701
-0.25303
0.62793
-0.41056
-0.4187
-0.94893
-0.60053
0.39005
-0.25679
-0.7276
0.049641
0.1319
0.62138
-0.0067668
0.33261
1.785
-0.47995
0.44004
-0.87059
-0.02279
0.037984
0.073147
1.0213
0.11733
0.26007
0.16446
-0.63683
0.78688
0.30892
-1.5072
0.23771
0.38937
-0.43476
1.873
-1.1706
1.432
0.54738
-1.5346
0.32385
-0.60586
1.9351
-0.66813
0.55655
-0.67973
-0.79717
1.0847
-1.0211
1.4188
2.1789
-1.3581
-1.2156
-0.07606
1.0425
0.025061
0.43457
0.48436
1.122
0.46672
-0.95956
1.9348
-0.46463
0.78774
-0.36022
1.0355
-0.13214
0.43535
0.72513
0.16611
-0.034072
-0.66004
-0.067845
-1.2079
-0.2168
-0.92267
-1.6613
0.65169
1.0757
-0.37316
-0.24602
-0.59964
-1.5751
-0.053013
0.877
0.97821
-1.8391
-0.45376
-1.7463
-1.1958
0.3906
0.66154
1.3908
-1.4812
0.44526
-1.6928
0.52664
-0.25758
0.12136
1.176
-0.32235
-0.19308
0.89637
1.3368
-0.44737
-2.4981
0.22221
0.39563
0.31373
-1.3638
0.88641
-0.99019
0.3692
-0.44655
-0.26606
-0.38739
-1.6195
-0.86674
0.25729
-0.36128
0.68906
-1.5161
-1.4209
-0.088013
0.96751
1.0298
-0.32721
0.82194
-0.64245
0.22488
-0.58724
-0.34601
-0.36661
-0.084763
1.0391
0.20552
0.57416
0.061567
-0.60885
-1.1974
0.35041
-0.44367
1.3252
1.2597
-0.60848
0.70784
0.87084
-0.88198
0.3715
-1.5363
-1.2898
0.42295
0.67538
0.038733
-0.75039
-0.13465
0.76926
2.6517
-0.28901
0.51937
-2.0576
-0.64971
-0.42062
-0.010682
-0.69072
1.2518
-1.0879
0.70305
0.62024
0.4872
0.33163
0.73914
-0.48233
0.024984
0.52086
1.1293
-0.84762
2.9225
0.89454
-1.0205
0.40202
-0.5895
0.026625
0.78225
1.1774
-1.2919
-1.0045
-0.041229
0.67643
0.6223
-0.11453
-0.7221
-0.79253
1.2212
0.031535
0.057421
0.55604
-0.13194
-1.5858
1.4532
1.2915
0.074652
-0.84678
0.55614
0.48937
-2.2803
-1.8337
-0.16346
1.2293
-1.4452
-0.019516
0.044207
-0.61681
1.5763
-2.3396
-0.42276
1.2491
-0.43618
-3.047
2.2679
0.13378
1.0433
-0.19531
-1.0431
-0.64572
0.050049
-0.1848
0.52067
0.45786
0.26948
0.26956
1.434
-0.60021
0.97167
-0.57818
0.91556
1.5799
0.35561
-2.0272
-0.33973
-0.31764
0.32583
-0.045632
-0.33307
-1.0973
0.70719
0.10396
-1.0235
-0.61387
-0.63627
1.6887
-0.4516
1.1626
0.16445
1.305
0.64801
0.018121
0.36981
-0.046658
-0.59106
-2.7111
0.46519
-0.48805
-0.71246
-0.56596
-0.35784
-0.63415
-1.7484
-0.66236
1.2644
0.97679
1.0232
-0.93697
-0.59058
-0.75326
1.6479
-0.18069
-0.31421
1.0018
2.1331
0.6943
-0.36443
0.29502
0.44997
0.44052
0.48944
0.51668
2.1538
0.99019
0.27385
-0.46081
0.28253
-0.49442
-0.041025
-1.2255
0.81737
-1.3054
-0.36885
-1.2487
1.4269
1.5163
0.44195
-1.0816
-0.159
-0.11615
0.39638
0.40504
0.45484
0.7707
0.5135
0.37596
-1.434
-1.593
-1.383
1.6309
1.2424
1.2546
-0.27891
0.16342
0.096502
-0.70857
-0.66514
-0.22361
-0.0060774
0.40711
1.3505
1.5187
0.13793
1.4857
0.114
0.12931
-0.64047
0.093304
0.53633
0.1075
-0.22073
-0.73663
-1.1173
-0.035536
-0.77265
-1.1346
-0.90902
-0.0058883
-1.7593
0.63054
-0.5986
0.66855
-0.58959
1.375
-1.2959
1.0423
0.82564
0.38179
0.95712
-0.39968
1.322
-0.74598
-1.0112
-0.71058
0.45141
0.97388
1.0651
-0.004157
-1.6745
1.0546
-0.9515
-0.91703
-0.87397
0.70349
-0.5664
-0.304
1.0959
-1.897
0.19008
0.83403
0.61135
-0.85251
-0.91878
-0.53941
-0.5486
-0.96086
1.5215
-1.0192
-0.47449
0.98229
0.96011
0.27051
0.056706
0.053741
0.26278
-1.5694
0.19704
1.6097
-0.59594
1.6679
0.43373
1.0253
-1.6403
-0.84095
-0.92
1.2472
0.41044
1.4919
-1.6459
-0.41748
0.9275
0.35819
-0.61956
0.83802
0.2464
0.4219
1.2273
1.1391
1.0903
0.83365
-0.13604
0.11329
-0.0034923
0.15402
-0.068899
-1.9762
-0.54235
-0.76191
1.4973
-1.9542
1.1487
0.42093
2.6077
-0.41566
-0.64667
-0.21987
0.3271
0.65146
0.59725
-0.063869
1.2341
0.1329
0.65841
-1.2644
1.8491
-0.062543
0.38253
1.2573
0.093196
-1.0334
0.44468
0.96901
1.7831
0.52493
-0.65395
-1.5886
1.1278
-1.0444
0.73729
-0.39057
0.39779
-1.6407
-1.9637
0.067443
0.34454
-1.6114
0.089127
0.48476
-0.51914
-0.42602
0.030974
0.29411
0.091315
0.48288
-0.14005
1.1206
0.83724
-0.2274
0.15794
-0.49429
-1
2.3232
0.029768
-0.64246
-0.05942
0.85997
1.0723
-0.15564
0.82873
0.39792
0.14963
0.67692
0.99045
-2.2092
0.83262
0.79222
1.4768
-2.7115
-2.0137
1.5042
-2.4744
1.5315
0.30566
0.53113
0.053186
-0.29185
-1.3367
-0.14596
-0.2085
-1.0169
2.5881
-0.3498
0.14091
0.83065
0.11258
-0.0087794
0.93022
-2.223
1.4926
1.1272
-0.7453
0.92783
-0.36801
0.99523
-1.7533
0.66804
-2.0621
-0.57473
0.86618
0.71172
0.84294
0.30995
0.013036
-0.24178
-0.26369
1.5268
1.1836
0.95003
-0.45063
2.8706
0.42922
1.7348
-0.40844
2.652
-0.51885
-0.84498
0.28418
-0.12901
0.45534
-0.21289
0.49915
-1.1559
-1.1238
-1.5879
0.18372
-0.75793
-0.82684
1.3388
0.33103
-1.2472
0.72221
1.8758
-0.26615
1.3031
-0.91519
-0.48997
1.6254
-2.2992
0.87715
0.29861
-1.3476
-0.024691
0.31699
0.14785
0.06225
1.2063
1.043
0.79388
-0.70941
0.47587
-1.3255
-1.6665
-0.31529
1.3083
-0.89946
2.2273
-0.14551
-1.6863
-3.2516
1.3471
-0.63679
0.082432
0.32739
-0.2003
0.93658
-1.1177
-1.0107
-0.049409
0.32476
-1.2992
-0.94587
0.064499
0.59561
0.14791
0.44943
-2.6734
0.61408
-1.5841
-0.088897
-1.2059
-1.297
1.2262
-0.76684
-0.71025
-0.29882
0.48314
-0.77279
1.2629
-1.2967
-0.12512
0.87546
0.13906
-0.60885
0.79163
0.087914
-0.73627
0.62258
0.64354
-0.74148
1.0434
1.3748
-1.046
0.4992
-0.33804
-1.5979
0.31306
-0.34308
2.5176
2.5668
-0.76819
-2.3102
-0.37771
-0.94873
-0.47263
0.79411
-0.35842
0.19078
1.0784
-1.3138
-0.38215
-2.8046
-1.311
-1.9677
-0.25063
-0.50559
1.8488
0.68007
1.7408
2.0502
1.0829
1.1591
1.4066
0.25017
-1.4216
-0.47515
1.4908
-0.60916
-1.1339
1.2573
0.57543
-0.67266
-0.039868
-0.17504
-0.070087
0.37039
-0.58955
-0.47867
0.11501
-1.4233
1.2746
1.5097
-0.32884
-1.2595
-0.48822
0.93645
1.6551
0.5239
0.081412
-0.32346
0.46964
1.3285
-1.8131
-0.42162
1.4113
1.1237
-0.83988
-0.97093
-0.49199
-0.22928
-0.65958
-0.025836
0.44444
-0.36004
0.52411
-0.17831
-1.2166
-0.97168
0.62411
-0.7361
-1.3577
-0.38339
0.56457
-0.050652
-1.8068
-1.0561
-0.058261
0.91636
-1.3916
1.6642
1.6078
-0.5267
-0.94675
-0.64355
0.85634
-0.14099
-0.11802
-1.0173
0.089151
0.95269
0.42361
-0.48605
-2.8525
1.1769
-1.4806
-0.11033
0.19932
-0.32822
-0.27172
0.36019
-0.92247
-1.5213
0.092299
0.071096
0.0041242
0.0052192
2.0158
1.5893
-0.52085
-0.64289
-1.1353
-0.54829
-1.7858
-0.28956
-0.56462
1.9197
0.16117
1.183
-0.58982
-1.7434
-0.022087
0.60179
0.29662
1.9778
-0.19098
-0.96773
-0.37824
-1.6565
-0.37365
1.293
-0.79974
-0.22698
-0.12596
-1.4446
-1.5058
0.546
0.30071
0.21398
-0.6815
1.4417
0.0015179
-0.28769
0.52861
0.72432
-0.037637
0.61766
0.21778
-0.25199
-2.2122
1.8812
1.6387
1.0132
-1.2573
-0.062547
-0.85431
-1.929
0.39331
0.18136
0.47864
-1.1674
0.97853
1.3303
0.33797
1.5472
-0.82902
1.6738
-0.10812
0.40938
0.036504
0.012475
-1.0954
-1.5061
0.16793
1.2163
1.54
-0.20214
-1.4641
0.77708
0.67349
-0.061579
-0.69104
0.70271
-0.35608
-0.11732
-0.35891
2.9486
0.048634
0.75977
0.25156
0.51395
0.94682
-0.3424
-0.86073
0.97758
0.043439
0.80356
-0.50319
0.044481
0.27961
0.65109
-0.1195
-0.99481
-0.88745
-0.29912
-1.1229
1.1437
-0.95297
-0.6195
-0.26184
-0.92427
-0.67603
-1.3015
-1.2175
0.86869
-0.29261
-0.45728
0.52377
-0.57367
-0.27231
-0.085096
0.66896
-0.47402
-0.28475
-1.2268
-0.68116
-0.51692
-1.2984
-0.40675
0.16316
-1.5961
0.019296
1.6642
0.65271
1.4505
-1.1609
0.75018
0.49866
0.62807
0.5056
-1.3873
-0.5039
1.1138
0.21606
-0.44998
0.016116
-1.4529
-0.51693
-0.74777
-0.50504
-0.0639
0.12426
-0.58708
-1.4732
-0.97692
0.83589
0.075997
0.56277
-0.043155
-0.56313
0.19148
-0.94113
0.4311
-1.136
-0.93306
2.399
-1.4195
0.93464
0.0049809
0.5464
-1.4534
0.096845
-0.22186
-0.23318
-0.99893
1.1566
0.9052
0.14324
-1.5809
0.59847
1.5227
0.29868
-0.26545
-0.62924
-1.8712
-0.62271
-2.4402
-0.32508
-0.10288
0.64317
2.3182
0.44174
-1.4211
0.62933
1.5042
1.3558
1.0979
2.4027
1.2011
1.2755
0.70183
1.6823
-0.69407
0.34366
1.0556
-2.2314
0.73324
0.45644
1.9871
-0.6821
-0.54505
0.47387
-0.60938
1.2047
1.9923
1.5033
1.1265
-0.19993
0.65731
0.20197
-0.7268
-0.46353
1.7558
1.0696
0.28824
-0.71633
-0.81741
0.44144
-0.57598
-1.0837
0.57224
0.65331
0.059482
0.55203
1.0327
1.4492
0.79544
-0.3245
0.31869
0.036297
-0.19332
-0.65378
1.8863
-1.2141
0.23166
0.49046
-0.56794
1.4874
-1.831
-1.0616
-1.1538
-1.2828
0.36647
-1.12
-0.6139
-0.19321
1.038
0.56787
-0.87759
-1.0948
0.4493
-1.1097
0.79632
-2.4063
-0.59156
-1.0444
1.2944
0.31101
-0.83648
-0.44179
0.36851
-0.025861
-0.073356
1.6112
0.0099557
1.3019
0.91506
0.60236
0.78739
1.0017
-0.13343
0.58973
-0.82231
0.12976
-1.0455
-0.71278
-0.46777
0.39268
0.89315
0.20819
-1.5632
1.6291
-0.92205
0.76815
0.27867
-1.4609
0.29328
0.99605
-0.56527
-0.75305
-0.93929
0.366
0.8597
0.048891
0.91789
1.5346
-0.1797
1.1182
0.72935
-0.8262
0.77765
0.91656
0.81119
1.284
-0.70744
0.76446
-0.0078775
1.2122
-1.787
-1.7727
0.36431
0.18583
1.0235
1.5384
2.1555
1.2246
-0.21933
0.4595
1.9004
0.71351
-0.72331
0.94175
0.55268
-0.96626
-0.74402
0.91696
0.63614
1.6986
1.1506
2.0203
0.87174
3.3304
-0.32182
1.5253
-0.34337
0.43023
-1.8861
-1.8021
-0.7159
-0.088588
-0.20003
-0.87306
-0.71829
-0.26672
1.1773
0.97686
0.76306
0.35899
0.012635
-1.3643
1.3856
-1.53
0.24785
0.20193
0.7736
-0.73708
1.6092
0.48442
-0.019147
-0.52829
-0.54881
-0.40325
-1.0215
0.5546
-0.091801
0.41886
0.69502
-1.5867
-0.35937
0.46492
1.1518
0.013663
-0.17748
-0.80159
-0.21668
0.11499
1.5422
-0.48176
-0.1812
-0.045863
1.1509
1.5586
1.4802
0.37074
-1.0346
-0.47264
0.26891
0.51283
-0.04199
0.66746
-0.66659
-0.99946
0.29771
1.1763
1.1642
0.56283
-0.82797
1.4675
-0.72981
-0.39305
-1.3892
0.47425
0.3752
1.2175
0.20765
-0.097764
-0.46717
0.4465
-0.65491
-0.46799
0.55712
1.2301
0.41581
-0.062354
-0.20422
-0.34154
-1.6604
-0.36888
0.56698
0.20068
-0.22095
0.20393
0.78634
-0.81605
2.3205
-1.9796
1.264
-1.2334
0.64804
-0.43519
0.98303
-1.5623
0.96301
-0.32703
0.59215
0.75866
-0.20176
-0.56214
-0.46452
-0.81871
-1.0249
0.36011
0.29856
0.36675
-0.36965
0.71338
-0.18143
1.4893
0.86557
-0.054853
-0.39361
1.8317
-0.29018
1.1377
0.71422
0.61246
-0.17554
-0.1008
0.74035
0.83012
-2.0013
1.3853
0.72651
-0.79267
0.48071
0.18167
-0.10938
0.46647
-1.2612
0.056054
0.31248
0.68832
0.63247
-0.096903
-0.17412
-1.15
-1.8516
-0.15987
1.4049
-0.48595
-1.0251
1.6696
-0.11996
-0.062044
-0.16147
0.35761
-0.12301
0.34208
0.63564
-1.9417
-0.20666
0.56736
-1.3062
0.70634
-0.63394
0.20776
-1.1419
-0.25447
0.090102
1.185
-0.34555
1.8075
-0.2687
0.90219
-0.13525
-0.57328
-0.044983
1.4438
1.0774
-0.065043
-1.6065
-1.3007
0.91257
0.41027
-0.91628
0.95625
-0.53655
-0.6015
1.0121
1.4264
0.34262
-1.2624
-0.47157
-0.67979
-0.65739
-0.82089
1.3909
0.70307
0.50493
0.86916
1.5528
1.0264
-0.6096
0.99991
-0.030654
-0.47089
0.40823
-0.20536
-1.9867
0.53524
0.43606
-0.26092
-0.0032488
-0.66535
0.29953
-0.41615
-0.47657
1.2987
-1.1626
-1.9579
0.29845
0.074722
-0.22042
0.34929
1.7509
-1.7316
0.37131
-0.14055
-0.24704
0.034432
0.38116
1.5879
-0.46423
-1.7487
-0.26915
0.30036
-0.20234
0.55438
-0.75517
0.34008
-0.71498
-0.0744
-0.43761
-1.2576
0.73292
-0.039379
0.26586
-0.37202
-1.1914
-1.9426
-0.17302
-0.84333
1.8058
1.1274
0.0030402
-0.25474
-0.47824
0.64746
1.2568
-0.15854
-0.7822
-1.3445
0.63911
-1.0969
-1.4649
0.49645
0.16523
-0.28578
1.7184
-1.4023
-1.0921
-1.8898
0.58912
-0.30832
0.83552
0.67339
0.77331
0.60374
-0.73199
1.5661
0.071942
0.78425
-1.0874
-0.092158
-0.26954
-1.6625
0.77081
0.91016
1.0081
1.2411
-0.46313
0.55979
0.94476
0.17964
-0.12012
0.24913
0.15597
-1.115
1.7507
-0.28276
-0.29991
-1.5744
-0.092803
0.76055
-0.35482
-1.1809
-0.69913
-1.1369
1.8905
-1.0932
0.67409
0.21965
-0.38365
1.9639
0.15053
0.58389
0.43219
-0.4761
1.2547
-0.26694
-2.0079
-0.45122
2.047
-0.52508
-2.6393
-0.68572
0.88369
0.18403
-0.35701
-1.4724
-1.6696
-0.36927
1.2395
-2.4661
0.59925
0.80905
1.5104
-1.2709
0.58087
0.032779
-0.62866
0.84042
0.60251
0.86277
0.34614
-0.70407
-0.99231
0.80316
-1.9799
-0.092485
-1.2955
-1.4062
-0.067485
0.89136
1.7472
0.12407
0.37344
1.691
1.5191
0.99795
1.3209
1.0512
-0.7156
-2.3541
-0.74205
1.8731
-0.5535
-0.16586
-0.00041036
-0.13427
0.64782
-0.1377
-0.6183
0.0010649
-2.1905
-2.0951
0.51919
0.16986
-0.50236
-0.41985
1.4136
-0.43417
-1.6015
-0.40415
0.81656
-0.062367
-0.41379
-0.22862
-0.44808
0.14777
-0.4486
-1.0646
-1.3281
1.18
1.6217
0.024104
-0.4973
-0.089086
0.33472
-0.62685
1.4405
0.81972
0.41808
-0.65397
-0.71508
-0.34622
0.6506
0.78464
-0.93215
-0.56332
0.17163
-1.7803
-1.1284
0.039743
-1.1231
-0.54779
0.21095
0.88979
0.9746
0.87096
0.23978
-0.87203
-0.73987
-1.0674
0.49857
-1.2702
-1.4827
-0.78748
-1.0322
0.28213
-1.5719
-0.30957
-1.1069
-0.34993
0.51625
0.27477
0.2604
-0.88965
-0.38659
-0.88557
0.051264
1.0903
-0.22697
-0.70646
0.07521
0.42946
-1.9499
1.6232
-1.3861
0.10095
0.68987
-1.5141
-1.4692
-0.64335
-1.2307
-0.14346
-0.5173
-0.063824
2.86
0.093978
0.36504
0.029576
0.60487
1.0351
0.68954
0.83078
0.9509
0.94177
0.39027
0.36656
0.34676
-0.30716
0.63462
0.62191
-0.35677
0.95708
1.1369
0.35595
-0.93739
-1.7428
1.2816
1.8157
0.69427
-0.91155
-1.0542
-0.9585
-0.38114
0.052604
-0.77392
-0.17592
0.17188
-0.3318
0.1221
-0.17718
-0.92202
-0.30862
0.40147
0.29227
-1.9299
-0.46796
1.4837
-0.55359
1.0772
-0.63082
-0.15331
-0.259
0.3454
-1.2789
-1.1026
-1.3067
-0.66329
0.16243
0.99412
0.92716
-0.24215
-0.38635
-0.71
1.443
0.17969
0.60435
-0.11936
-2.6297
0.50699
-0.32447
-0.23143
0.4462
0.4982
-0.5045
0.70451
1.9275
-1.3968
0.46871
0.10255
-2.3095
-0.16239
0.023696
-0.63197
-1.6949
0.80788
1.6832
0.35398
-0.069765
0.39986
-1.668
-0.041077
-0.27269
-0.41696
0.86547
0.96127
-0.091254
0.76254
0.17833
-0.82432
-0.2825
-1.2736
0.31356
-1.4571
1.2003
-1.0648
-1.4839
0.50995
-0.55934
-0.38559
-0.17065
2.3505
1.2399
2.4282
-0.24987
0.24857
0.65922
-0.10369
-1.3286
-0.32164
-1.7801
0.77669
1.4147
-0.3364
0.73688
-1.1004
1.2125
-0.67874
0.51864
-0.094899
0.43454
0.8235
-0.5235
0.54973
1.6399
1.3221
1.4503
0.56936
0.39874
-1.6131
1.5176
0.45437
-0.61651
0.26835
-0.7525
-1.1895
-0.10407
1.4361
0.54719
0.076128
-0.079162
-0.56696
0.66363
0.42932
-0.96922
-0.38778
1.0872
0.45422
-1.0652
1.2947
-0.50985
-0.21898
-0.3686
2.4102
-0.27544
1.2628
-0.39718
-0.35263
1.0278
0.88528
-0.55932
0.61817
-1.0759
1.2299
0.21347
0.52241
0.98399
1.572
1.1712
1.0916
-0.81549
-1.1913
0.12926
0.40997
0.048557
1.5645
0.19092
-0.43977
-0.99841
0.099308
0.30038
0.32242
0.965
-0.13878
-0.9534
-0.42504
1.6445
-1.1358
-0.061475
-0.08265
-0.11772
-0.95001
-0.53332
0.12995
0.25559
0.33408
1.1879
-0.25089
1.4283
0.71502
0.97613
1.8283
-2.3683
-0.37618
0.88068
-1.8876
-0.48447
0.060536
-1.1747
-1.0794
0.20194
1.2924
-0.62705
1.0662
-1.1463
-0.84677
0.010415
-0.54269
-0.30464
1.1882
-1.6136
-0.49441
1.3323
0.56318
-0.21109
-0.31082
0.63744
0.46456
-1.3883
-0.33616
-0.72685
-0.61717
0.84908
-0.5863
0.78937
0.70711
1.8101
1.2457
-1.1243
-0.055665
0.47924
0.54366
0.559
0.41384
-0.26119
0.92983
-0.29489
1.4178
-0.62827
0.078418
0.68393
-1.0214
1.2838
0.75904
0.88967
-0.34591
1.1082
-1.2177
-2.2438
1.4592
-0.65141
-0.41423
-1.0011
2.1126
0.016399
-0.81238
-1.7928
-0.13228
-0.70526
-0.36231
-0.28672
1.6906
-0.23274
-1.0401
0.033098
-2.2236
0.92701
0.89342
0.34117
-0.68591
1.499
0.053331
-0.54869
-1.5955
-0.058215
0.9077
1.81
-2.304
-1.5741
-1.2073
-0.068059
0.057204
1.3165
0.7866
-0.68775
0.12931
0.4657
1.4946
0.048567
0.5521
-0.77058
2.4213
0.65616
-0.51568
-0.068345
0.82567
0.28632
-0.90479
-1.558
-1.3531
0.36847
0.20994
0.29426
0.49683
0.17081
-0.68217
-0.6564
-0.7228
0.60678
-0.43273
-0.4334
-0.3814
0.88679
-0.15242
1.9047
-1.763
0.6213
0.99693
-0.9761
1.6534
-0.02851
-0.96647
0.48024
1.4325
-1.4478
-1.3271
-0.10129
-0.81175
-0.46337
-0.69606
-0.51147
-0.62848
-0.64311
0.35908
-0.31899
0.54881
-0.74098
0.8695
0.23573
1.8006
0.33442
-0.80467
-1.8188
-0.10623
0.86847
0.64821
-1.5188
-2.2012
-0.048462
2.1262
0.41264
-0.52689
0.16393
0.12022
1.46
1.0236
-0.42491
-1.1174
0.25783
-2.0086
0.040133
1.1839
-0.47136
-0.079588
-0.084208
1.2262
0.93617
-0.025748
-1.7307
-0.36936
0.44586
0.32742
-0.34715
1.0702
-0.040843
0.73259
-2.5061
-0.58787
0.9422
0.1099
-0.44013
2.6851
0.35886
-0.5075
0.14015
0.52175
-0.00061279
2.1956
-2.0444
0.09264
-0.26703
-0.68599
-0.044291
-0.78771
0.091589
0.37707
0.99721
1.2633
-0.79201
-0.77604
0.1584
0.97709
0.95118
-0.14953
0.86639
-0.064496
0.00053485
-0.77339
-1.9626
0.73673
-0.23442
0.28057
-0.40363
-0.32318
0.32438
-0.23085
0.46183
1.5926
-1.3497
0.086214
0.59932
0.7442
1.5175
-0.4415
0.71077
0.51023
0.99114
-0.90937
-1.7832
-1.9047
-0.25581
-0.17142
-0.39502
0.10636
0.14596
-0.33388
0.89468
0.13556
-1.6269
-2.1041
-0.25965
-0.22098
0.53785
-1.1206
0.69108
-1.3894
0.71838
-0.35496
0.12996
-1.6095
1.6384
0.54296
-0.71018
1.1703
-0.31156
0.027184
-1.5775
0.032089
-1.8449
-0.63454
0.63377
0.26748
-1.7521
1.0704
-0.048229
1.2775
0.20006
0.65475
0.04258
-0.27115
-0.10359
0.0053751
-1.2029
-0.16516
-1.3327
0.71387
-1.0673
1.1733
-0.10946
0.11297
-1.0147
1.4762
-0.73819
0.16448
2.2339
-0.20252
-0.77014
-1.1969
-0.5265
-1.1051
0.84881
0.29604
-1.3121
0.033457
0.36319
-0.16107
-1.8582
-1.1672
-0.65474
-1.1636
-1.3879
0.61182
0.47288
0.47507
-0.62515
-0.45558
-0.61002
-1.2362
0.12239
0.76195
1.2829
-0.11759
0.28817
1.2411
-1.2158
-0.9578
1.5934
-0.10306
0.39599
1.7106
1.4371
-0.60725
-1.034
-0.26439
-2.466
0.64412
-1.1877
-1.0476
0.12311
1.642
2.4664
-1.7096
0.56414
-1.9647
-0.83617
0.34501
-0.69237
1.1903
0.12797
-0.8972
-1.2806
-0.81027
1.04
0.18949
-0.26839
-0.8216
-1.3079
0.49548
-0.10541
1.7986
0.09993
-2.5666
1.2719
-0.13571
-0.1409
-1.8312
0.14983
1.4252
0.72764
-0.59319
0.88982
-0.85867
1.0613
1.5166
-0.41628
-0.71242
0.83315
-1.3459
-0.19825
-0.55391
-0.68526
-1.2379
-1.0491
1.139
1.3123
-0.76146
-0.069535
0.044223
-0.20877
-0.42651
-1.1265
0.14894
-0.1434
-0.90113
-0.97976
0.41113
1.4042
-0.74978
0.066818
-1.3653
1.2401
1.0427
-0.67987
-0.33957
-0.93217
-1.2693
0.70934
0.22895
0.25455
2.0723
-0.95272
1.714
0.1593
0.65974
-1.9306
-0.4377
0.73018
-0.019534
0.087031
-0.84976
-0.38903
-0.55456
0.18039
-1.0912
-0.48333
-0.78719
-1.6265
-0.35311
-0.472
1.9829
1.0628
-2.1353
0.83954
1.2162
-0.29287
-0.86678
-0.62006
-1.166
0.13966
1.1018
0.51994
1.4924
-0.082303
1.7033
1.0508
1.086
0.64685
-0.92577
1.324
1.2832
-0.1288
-3.2719
1.0088
-1.6189
-1.1619
-0.37424
1.6607
-0.38141
-0.31353
0.16144
-1.6462
-0.9377
-0.54745
0.19203
0.2744
0.55948
-3.2305
0.30555
0.68032
1.8812
-1.1236
-1.1141
0.7503
-0.56489
0.3787
-0.80558
-0.10117
0.66924
2.2185
-0.36846
-0.91526
-1.5122
-1.1856
-0.13313
-0.0031608
-2.4427
-0.44692
0.020821
0.9916
-0.75864
1.5185
-0.76664
-1.6736
-0.77025
0.24575
0.73719
1.5868
-0.79611
-0.019392
-0.96681
2.5345
-0.29865
-0.12582
-1.2131
-1.1008
0.82225
-1.1805
-0.22118
-0.74115
0.11906
1.5553
1.1015
0.40522
0.3372
0.33077
-2.3832
-0.42133
-0.95384
-0.75921
-0.49536
-2.3863
-0.8222
-1.0859
0.46442
-0.034564
-1.7588
-1.1925
-0.64594
0.56717
-0.049921
1.2167
1.6453
-0.37062
1.726
0.18371
-1.1208
1.1053
-1.6685
0.21254
-0.81632
1.0332
-1.7169
0.82829
-1.272
2.3221
-1.4367
-1.0762
1.1453
0.68377
-0.17751
0.79171
0.26776
0.73609
0.16204
-0.040085
0.6249
-0.48598
0.42155
0.21313
0.10976
1.8141
-0.48118
-0.37613
1.5447
1.6286
1.6711
-0.76266
0.38861
-2.2972
-0.75895
-2.679
-0.080994
0.72931
-0.5801
1.3622
-0.76219
0.49236
-0.16095
-1.831
2.0005
-2.2252
0.22416
0.49277
-1.0318
-0.73372
0.27869
-1.164
-0.63321
0.66315
0.37335
-2.1323
1.3847
1.6271
-0.93637
-0.94145
-0.57443
-0.55348
0.96797
0.69578
0.15306
-0.83487
-1.3209
-1.4382
-0.26687
3.9191
1.5583
-0.74108
0.51925
-0.24783
-2.3468
0.45065
0.34409
-0.14262
-0.79819
-0.28557
0.45612
-1.1322
-0.36901
0.85641
-0.48537
-1.2336
1.4241
-1.3901
-0.75065
0.30912
-0.52122
0.26427
1.4341
-0.85494
-0.91309
0.75492
-0.19251
-1.3592
0.17542
0.26201
-0.099032
-1.358
-0.68938
-1.3404
-0.41583
-0.33379
-1.1686
-0.23476
0.43909
1.0837
0.28191
0.10236
-0.17969
0.78175
-1.0937
-0.28624
-0.47247
-1.0542
0.18093
0.43594
-2.2183
0.89842
-0.65057
-0.11346
0.50636
-0.080891
-0.13447
-1.3115
-0.26021
-0.57644
-0.25743
1.768
-0.82296
-0.65608
0.58405
1.0234
-0.57506
1.4668
0.86137
-0.43521
2.0245
0.40138
-0.93353
0.92681
1.0561
0.86588
-0.21264
1.1076
-1.638
0.94116
0.62101
-0.55097
-0.68664
1.0559
-0.28965
-1.4209
-0.16626
0.91394
-1.3889
0.89878
0.59601
-0.025684
-0.99326
2.803
-2.0691
0.27166
0.51687
0.97342
0.49162
1.873
-0.8164
0.24756
-0.48704
-0.7479
0.13647
0.027811
-0.99755
0.64372
0.10777
-0.35679
-0.20312
0.27604
0.14677
-0.22713
-0.60682
-0.63648
-0.22669
0.072981
0.51164
0.38337
-0.51575
-0.14802
0.7617
2.1508
0.9561
0.12969
1.3673
0.12388
0.59126
-0.69824
0.83805
-0.092757
0.46585
-1.3724
-0.95801
-0.67157
-1.3647
1.0582
-0.09106
1.1103
1.4068
-0.33327
-1.9858
0.65704
-0.42934
0.14133
-2.4195
0.31575
-0.31528
0.072485
0.68458
0.04586
0.23512
0.36799
-0.71994
0.67431
0.5817
0.13081
-0.8143
0.24365
-0.68892
-1.7945
-0.26785
0.55414
-0.2147
-0.39981
0.91761
-0.3231
-0.40304
-0.36542
1.4161
0.80001
1.3682
-0.12184
-1.4433
0.94685
2.5275
1.6042
0.14917
-1.4424
0.05057
-0.24653
-0.020301
1.2606
0.48921
-1.2307
1.141
1.1841
0.2413
-1.0089
0.064122
-0.96216
0.3166
0.48394
2.5424
-0.27584
1.0846
-0.92069
0.53936
1.2658
-0.52481
1.8139
-1.7097
0.61442
0.15836
0.577
-0.31715
-0.41893
0.17857
-0.68107
-0.5843
0.76125
-0.98133
-0.75404
-1.7377
-0.66684
-0.20125
-0.78746
-0.39159
0.12615
0.6299
0.59661
1.0814
0.74652
-2.9686
0.59996
0.76203
-1.6482
-0.16885
0.53901
-0.43141
1.0501
0.60838
-0.29596
1.0869
-0.17894
2.3254
0.54496
-0.1928
-0.046551
-0.51408
-1.3613
0.24935
-0.29126
-1.9318
-2.0052
0.89989
1.5435
0.79704
0.92817
-1.3631
-0.31355
0.94946
0.10917
0.34814
-0.69392
1.1545
0.27311
-0.17739
0.025168
0.94052
0.11497
1.4376
0.009836
0.13428
-1.1748
-0.49972
-1.4256
-0.39042
-0.77677
-0.49123
-0.15373
-0.81587
1.3248
-1.3414
-1.0681
1.1521
-0.55773
1.0299
0.57957
-0.89514
-0.16375
-0.86736
0.32253
-1.486
2.2352
1.3068
-0.50341
0.96422
1.3737
1.2059
-1.3084
1.2742
-1.5434
-0.077137
-1.1484
-0.059437
0.4529
1.4784
1.1056
-0.47596
0.89684
-1.3692
-2.3775
-0.41608
-0.72596
-0.024667
1.0845
-1.4459
2.5194
-1.8744
-0.21969
-0.5451
0.41857
-0.042828
1.1956
1.0994
0.086904
0.31645
0.88758
1.2991
-1.1888
2.4931
-0.33444
0.71697
-1.4746
-0.75161
-0.725
-0.40398
-0.39024
-1.7357
1.4195
-0.67961
0.82633
-0.13588
0.55919
-0.64067
1.3825
0.1453
1.3149
-0.94946
1.1283
2.552
1.0464
-2.603
2.2923
1.8607
-0.33367
-0.14257
-0.44723
-0.30361
2.2887
-1.0383
0.40359
0.44599
-0.31979
1.8106
0.59249
0.79844
0.13768
1.6538
-1.1877
-2.0726
1.2901
1.4377
-0.12074
1.1051
-0.53576
0.99555
-1.2874
-0.29628
0.54676
2.4412
0.095449
-0.76408
2.3966
0.054398
0.24251
-0.35848
-2.2224
0.4776
0.67802
-1.2729
1.0785
-1.9514
-0.68737
1.732
-0.56398
-0.40029
-0.26045
-0.80946
-2.5007
1.0121
0.55651
-0.83404
1.3793
-0.70693
0.83551
-0.19583
-0.35683
-0.97127
0.21004
-1.1255
1.4675
-1.0774
1.494
0.79175
2.3854
-0.72124
-0.83738
0.53346
-0.00020618
0.19468
-1.4974
-0.80832
1.534
0.35584
0.22046
0.18605
-0.54201
-0.035629
-1.2087
-1.8553
0.94541
-0.26961
1.3751
-0.27855
-0.20985
0.03912
0.43665
-0.11986
-1.0572
0.78395
0.63643
1.3875
1.2586
2.5835
0.53105
0.77198
-0.44692
1.3877
-1.2161
-2.8226
1.0388
-1.3891
0.86164
-0.98016
1.6046
0.076046
0.14061
-0.034597
-0.6255
-0.86691
-0.07537
-0.53873
2.2299
0.84646
1.2502
-0.24509
0.50379
1.0526
0.44864
-0.20934
-0.42691
-1.1875
0.2799
0.77011
-2.2082
-0.051272
0.14629
0.66376
0.29186
-0.71271
0.77423
-1.2896
-1.0065
-0.1617
-1.6621
-0.28642
1.7295
-0.87141
0.82208
-0.16274
0.12575
-0.48658
0.037645
-0.50453
0.50042
-1.3724
0.618
-1.2254
-0.81683
0.21138
1.3492
0.51444
1.6216
0.14921
-2.1345
0.064237
-0.50487
-2.0545
1.5648
1.3394
0.073158
0.30592
0.30148
0.95021
1.7562
-0.57085
0.11288
-0.16183
1.5687
-0.86695
0.37183
0.13761
-0.18546
-0.061094
-1.0392
-0.31454
-0.10569
-1.5003
0.90374
-0.087514
0.099383
0.20645
0.035457
-0.0069515
1.6979
0.57806
-0.082511
-0.16045
0.19004
0.12486
1.1019
0.85515
1.189
-0.78251
2.3604
-0.0051091
-0.47613
2.179
0.35075
0.77477
1.4205
-1.2478
0.29823
0.36898
-1.2362
-0.54975
0.41135
-0.0038077
-0.58222
0.40054
0.85855
-0.30727
-0.3035
-0.9553
-0.12058
-1.239
-1.1077
-0.85739
0.41665
-1.6332
0.82564
0.19994
-0.3419
1.0499
-0.54137
-0.80391
-3.1294
0.80592
0.67827
1.0922
-0.66537
-0.36414
-0.24939
0.37744
1.4755
-1.0873
1.0494
0.41528
-0.60453
-0.23293
-0.72103
-1.9235
-0.012639
-0.11691
1.0365
0.5341
-0.38709
1.744
-2.0154
-0.009339
0.63625
0.50604
1.278
-1.3574
-1.0433
0.46852
1.385
-1.258
-0.41373
1.4861
-0.59111
-0.23877
-0.13409
-1.414
1.2867
-1.1096
-1.6013
1.2676
0.61314
-0.54488
-1.5217
1.0727
0.75511
1.5428
0.96443
0.6811
1.0948
-0.052141
-0.63291
-0.31895
-1.5449
0.038408
1.5248
0.65596
-0.79784
0.52317
-1.6864
0.77135
0.63894
0.45047
0.10751
-2.3383
-0.96353
0.5773
-0.09723
-0.28024
3.0314
-1.6021
-0.75431
0.17856
0.18629
0.88281
1.0374
0.96716
-0.33191
0.034812
0.02676
0.92088
1.5688
0.43184
1.0646
1.1611
0.35375
-0.4778
0.49387
0.17971
0.51265
0.69385
-0.47087
-1.4959
2.2098
-0.6939
-0.46575
-0.60632
0.1701
1.2268
-1.4572
-0.49766
-1.7223
1.0145
0.90781
0.26833
1.8137
2.0758
1.0455
0.35329
-1.4688
-1.8277
0.93885
0.91856
0.24206
-0.41988
0.070902
2.535
0.96673
-0.24609
0.449
-0.40716
0.7115
1.9918
0.19005
-0.059917
-1.0673
-0.48994
1.7936
-1.6441
0.57712
0.061321
0.82489
0.24313
0.12706
1.0626
1.1639
1.5251
-0.8073
-1.8437
-0.095006
-0.33625
0.45386
0.59665
-0.15762
0.25351
1.6326
0.55079
-0.28499
0.10168
-0.82921
0.34348
-0.12239
-1.0174
1.0035
-0.47708
-0.23871
0.75617
-0.095386
-0.73171
-1.4077
0.90999
-0.14747
0.27392
-0.90124
-0.12065
-1.0162
0.13426
-0.76274
1.2126
0.55387
-0.12132
0.2262
-2.0596
-0.18441
-0.67377
2.3664
0.78826
-1.7056
-1.197
-0.12675
-1.0207
-0.23309
-0.0024823
-0.20385
-0.32573
-0.62394
1.508
-0.24959
-0.62553
-1.2912
-1.6681
-0.92195
-0.29462
-0.43058
0.15455
-0.23821
-0.037266
-0.219
0.085009
0.86045
0.47638
-0.40303
-1.2529
-2.1611
0.090591
1.4723
-1.0487
0.55389
0.425
-0.16832
0.57582
-0.66705
-0.42196
1.0502
-0.69014
-0.21868
-0.73367
1.7653
0.54634
0.99423
2.3452
0.52596
-0.90902
0.10513
-0.075383
-1.1538
0.43189
0.0011802
-1.3126
-0.2504
-0.054116
1.2769
0.86852
-1.4108
-0.069228
0.58133
0.33392
-0.29652
-1.745
-1.1848
0.36653
0.021497
-0.54081
-1.4901
-0.62877
0.94257
0.40258
-0.32481
0.88409
0.056797
-0.86524
-0.75629
0.95591
0.73166
-0.24268
-0.65162
0.29129
-1.3527
0.61043
-2.0984
0.087681
0.52739
0.36395
0.68143
-0.3798
0.90125
0.3456
0.77471
1.082
-0.28603
1.114
-1.5585
-1.2695
-2.0894
-0.78772
0.07527
1.1747
0.46273
0.74722
-1.085
-0.28966
0.6281
-0.78552
-2.055
0.34349
0.31205
-2.277
0.88738
0.94082
0.40928
0.016003
0.059511
1.2281
0.54219
-0.0018791
-1.0216
-1.0371
-0.59001
0.93345
0.61836
-1.9884
0.69688
1.5596
-0.58743
0.70959
1.0158
0.94409
0.99696
-0.49444
0.018412
-0.13421
0.36216
-0.72879
0.68148
-0.28425
0.11773
1.1157
0.29955
1.2153
0.038229
1.1959
1.0883
0.0048332
-1.0321
0.59013
-0.29413
-0.021817
0.57846
0.53316
0.22315
0.46906
-0.73729
-1.2971
-0.22225
-1.2228
-0.76663
-1.5861
-1.0558
0.54372
-0.92571
0.3617
-0.65937
0.13353
-0.01222
-0.67554
-1.9488
0.45511
-1.1016
3.2242
0.33916
-1.4322
1.2193
0.85622
2.6549
0.13409
2.0592
-1.1045
-0.38972
-1.0984
1.1895
-0.76807
-1.0264
-0.57791
-2.173
-1.3113
-0.039543
-1.9968
-0.94224
-1.2486
1.4381
0.6166
0.0037368
2.2724
1.7384
-0.97878
-0.27626
0.48492
-0.13296
0.49674
-1.4632
-0.31195
0.29736
2.1193
1.0242
0.41581
-0.54363
0.29442
-1.1972
1.0758
-0.33412
0.81709
0.36007
0.13976
0.75879
-1.6093
0.0017003
-1.2324
0.045695
0.39141
1.3828
-0.72054
-0.21879
0.99328
0.33172
0.27652
-1.014
0.23805
-0.93193
-1.2935
-0.20432
-0.72679
0.23416
1.029
0.77895
-1.281
0.28942
0.31508
-1.2397
-0.014557
-0.90068
-2.367
0.71045
-1.3406
0.092408
-0.30515
-2.444
0.52306
-0.41361
0.48439
1.0034
-1.1804
0.12375
2.8396
-0.67274
0.77555
3.4508
0.53444
1.1524
-0.38164
-0.26782
-0.45712
0.06369
-1.2246
-0.83721
-0.33902
0.54239
0.54662
1.2953
1.3118
1.4646
0.43588
0.26232
-0.46754
1.1267
-0.14597
1.5607
-0.012285
-0.33432
1.4875
0.25787
1.2288
0.91348
0.36426
0.092429
0.31384
-0.18683
0.95783
0.16757
-0.73321
0.41655
0.30571
-2.075
0.67939
-0.72285
-2.2485
0.14574
1.2774
-0.46036
-0.13276
-1.0215
-0.9202
-1.465
0.1932
-1.7109
-0.52226
0.95001
-0.066521
0.66925
-0.75147
-0.27088
-0.2138
0.12948
0.54526
-0.25243
-0.54859
0.89958
-1.1204
0.073159
-0.4491
0.27369
2.2457
-0.9283
-0.44751
-2.0917
0.93952
1.7939
1.4759
0.47122
-1.4313
1.0139
-0.6602
0.89175
1.2857
0.1139
-0.10709
0.022472
0.1878
-0.026334
0.78674
2.182
-0.70095
-1.3825
0.81308
-1.0299
-0.19921
0.50765
1.094
-0.11538
0.9032
0.71335
-0.55745
-0.637
-1.5277
-0.60492
1.0599
0.48963
1.6048
0.99002
0.87569
1.5325
-0.065042
-1.1249
1.7839
-0.25936
-0.61208
0.12724
-1.505
-1.3262
1.7488
0.64355
-0.49411
1.3932
0.18298
-1.0802
1.1012
0.95822
0.18715
-0.83985
-0.63435
-0.58369
0.10763
1.0696
2.1986
1.5191
0.67402
-0.061635
0.48108
-0.0015076
0.87012
1.1299
0.30141
0.60648
-0.83617
0.65859
0.60756
0.85967
-2.1569
-0.48596
-0.68134
-1.4827
-1.0468
-0.32528
0.59479
-0.58326
-1.9972
-2.002
2.0565
0.43956
0.41516
0.39131
0.47378
0.22733
0.89616
1.1975
-0.75095
-0.68351
1.3852
0.38171
-1.1236
-0.74405
-0.58419
-0.38419
-0.4741
1.4871
0.23473
0.83834
-1.2605
-1.6628
1.0107
0.56427
-0.95619
-1.7844
0.46002
-0.8272
-1.1202
0.29006
-1.1784
-1.0044
0.38679
-0.091804
0.10629
0.0040292
1.3043
0.64663
-0.95526
0.095334
1.1844
0.21308
-1.5282
0.69349
-0.65402
0.23513
1.4056
-0.54538
-0.55446
0.46654
-0.22735
0.19836
0.48349
0.251
-0.15434
0.75305
0.44067
-1.8433
1.1735
-1.6851
0.43441
0.4182
0.59696
1.3527
0.6291
0.67329
0.74875
-0.24142
-0.32467
0.19029
0.82369
-1.8111
-0.31177
0.69897
1.3693
1.4387
-0.089729
0.62382
-0.37595
1.3642
-1.5627
0.97455
-1.3463
1.2583
-0.62288
0.62401
-1.9282
0.29477
-0.70749
0.24233
-1.9224
0.56037
0.10287
0.029537
-1.1967
-0.86616
-1.1601
0.33678
-1.1424
1.8373
0.20616
-0.31113
-0.1811
0.39732
-1.0761
-0.009823
1.08
1.4248
0.50953
-1.7729
0.3543
0.88332
-0.75905
-0.66286
0.50778
0.63532
0.79013
-1.2495
-0.30363
0.5617
1.1721
-2.1171
0.26238
1.4537
-0.10209
1.8736
0.84329
-0.47058
-0.54081
-0.55553
0.10242
2.0581
2.3746
-0.64081
-0.32681
0.99859
0.18102
1.1908
-0.35149
-1.3508
-0.54861
1.0088
0.013361
-0.6177
0.49077
0.88352
0.66797
-2.5878
-0.80178
0.52863
0.8092
-0.19083
-1.2678
0.78776
-2.1381
-0.60398
0.3273
0.28118
-0.54436
0.46022
0.15995
1.0552
0.40387
-1.3118
0.50893
-0.79256
-0.78189
-0.064983
-0.54561
0.17964
1.2616
0.25912
-2.2596
-0.3221
-1.3122
-1.4466
1.8568
1.0724
0.19211
-0.61172
0.60455
-0.47281
0.058454
0.22168
1.4368
0.71534
-1.1268
-0.012313
0.35881
1.184
0.78776
-0.075488
-1.1774
-1.2352
0.2099
-0.30983
0.32931
1.072
0.55778
2.0239
-1.2429
-1.7386
-0.89399
-0.59608
0.075776
0.49929
-0.82304
0.95237
-0.25948
-0.56308
1.7712
0.34406
-0.34172
0.71199
-0.81741
-0.75019
-0.77243
0.29454
-0.31745
0.52467
0.29111
-0.38214
0.79224
-0.16583
0.10857
0.39176
0.23831
1.4796
-0.81239
0.1972
0.18722
1.1899
-0.33408
-0.48455
-0.64767
-0.99636
-1.0014
0.87075
-0.23916
0.40549
-0.26796
1.0472
-1.5194
0.62632
0.35658
-0.56918
0.52246
0.016858
0.060054
-1.0866
-0.44187
-0.66695
0.91033
1.7973
-2.0666
0.42316
-1.1393
0.17994
-0.7962
-0.49387
0.13667
1.2659
0.30404
0.22001
0.082429
-0.68077
0.25723
-0.14991
1.2894
-0.54209
-0.26199
0.37281
0.22728
-0.82564
0.69898
-0.49923
0.34827
-1.2044
1.2275
1.0149
-0.55466
-1.6905
1.0809
-0.77466
-0.063061
0.39121
-1.3795
0.096071
0.2172
-1.0011
2.7205
0.80683
-1.3008
0.64807
0.7665
-0.51786
0.42838
-0.55019
-1.8621
1.0298
-0.33331
-0.56926
0.077027
0.6844
-0.009973
1.5019
0.68861
0.20521
0.29438
-0.99905
1.0471
0.64216
-0.9618
-0.29619
1.3231
0.31729
0.65767
-1.8087
-1.3201
0.51649
-0.14984
1.8513
0.46854
-1.4641
-0.45693
0.52604
0.26411
-2.0646
0.6589
1.6251
0.19391
0.23394
2.6113
-0.229
-0.33773
-1.5926
0.92518
-1.5758
-0.068263
0.41818
-0.63584
-0.0028383
-0.23523
1.6024
-0.96001
-0.14927
-2.707
0.62787
-0.2285
-0.21951
0.38804
-0.087211
-0.50553
-0.53823
-0.13603
0.070052
0.085112
0.59928
-0.3065
0.82267
0.21583
-0.61754
-0.67328
0.34965
1.3165
-0.47001
0.6454
-1.7608
-0.69317
-0.32455
-0.5959
-0.12589
0.2557
0.10171
2.2867
0.63526
0.71047
-0.91299
-1.7157
-0.62162
-0.0077333
0.74583
-1.3657
-1.3959
-0.051567
1.1344
-1.38
-0.4404
1.1106
0.47056
1.308
-0.1512
0.66116
0.61927
0.06316
0.55537
-1.2362
-1.2088
0.030613
1.3516
-0.44427
-0.52747
-0.99017
-1.006
1.5204
1.6505
0.50884
0.98779
-1.0957
0.9491
-0.21175
1.415
-1.3843
-0.46809
0.89651
-0.3758
0.82597
-0.28938
-0.31964
0.79597
0.014867
0.92135
-0.044058
-0.41279
-1.0918
-0.91192
-2.5058
1.1269
-0.80285
-1.5536
-0.59527
1.4802
1.0945
1.0445
0.39942
-0.80283
-0.44031
-0.57375
-0.084101
0.91494
-0.79454
0.46787
-1.0464
0.47365
0.6028
0.69155
-0.29936
-0.00047844
-0.0096615
-0.3336
0.28743
-1.701
-0.77526
-0.065847
0.30636
-0.54528
-0.66279
-0.46843
-0.58571
0.15772
-2.2077
0.0044477
0.45522
1.0513
-1.3216
1.0222
0.79887
-1.3668
1.2497
0.85375
-0.69334
-2.1856
0.14578
-2.1844
-0.48744
0.46753
-2.1592
-1.0152
0.67299
1.5318
-0.38548
0.09912
0.35132
0.54992
1.5431
-0.51296
0.77447
-1.6724
0.17507
-2.0225
-2.0961
0.76268
1.3058
-0.98183
1.6433
-0.12383
0.66014
0.53311
-0.83094
-1.2849
0.71489
-0.27748
-0.33969
1.2345
-1.5622
-1.1613
0.69756
1.1278
-0.76492
-0.54698
2.4892
-0.29835
-1.3471
-1.2733
-0.46975
-0.45132
-2.4739
-0.084914
2.3094
0.33024
3.2541
-0.92282
-0.79452
0.4699
0.062988
0.62646
-1.5677
0.74112
0.49308
1.0171
-0.068568
-1.3834
-1.6307
0.25976
-0.75647
-0.18212
-0.92497
1.1038
-0.52778
-0.1547
-0.33919
-0.75748
-0.81587
1.2341
-0.80781
0.37444
1.6162
0.75912
1.6059
0.47065
-0.12028
-0.15664
1.0338
0.45768
0.77526
0.034459
-1.347
-0.0668
-1.0324
-0.32354
-0.091621
-0.64876
0.47593
-0.034594
-0.8727
0.17857
0.30975
-1.9245
-0.37088
-0.19162
1.467
0.98087
-0.098638
0.55016
-0.021318
0.39579
-0.64574
0.43975
1.288
2.3021
0.58564
-0.5178
-0.61464
-0.0066673
-0.5017
0.32555
0.97613
-1.307
0.86067
-1.9626
-0.34269
0.33495
-2.1645
-1.0438
-1.5165
1.2688
0.2695
0.17396
0.61729
-1.8384
1.9193
1.3821
1.2106
-0.80703
0.54265
1.0082
0.38674
-0.25991
0.57219
0.33273
-1.0712
-0.73008
1.982
-1.0583
-1.2295
1.0532
-0.61076
1.7506
1.0495
0.41235
-1.281
1.108
-1.0993
1.3158
-0.72513
0.2177
0.0070702
-0.73223
0.86358
1.2809
-1.2646
-1.4583
0.058537
-0.90161
0.63862
-1.1747
-1.6312
-0.85173
0.072537
0.74591
-0.87503
-0.32951
-1.1461
0.72438
-1.786
0.076354
-1.6923
-0.23678
1.5278
-0.5884
2.5941
-0.17691
-1.14
0.20417
-0.47948
-0.95279
-0.87967
0.12043
-1.2483
-0.36057
-0.13942
0.91847
-1.2061
-0.92339
-0.7103
0.13352
-1.4179
0.57671
0.58095
0.94194
-0.24334
0.16032
-1.0901
-0.36752
0.12084
-0.19102
-0.53239
1.674
0.72964
0.54188
0.21669
-0.095925
0.59404
-0.40707
-0.49531
-0.4544
0.34783
0.97672
-0.57479
-0.86638
0.078118
0.46968
1.2765
1.3317
-0.02712
-0.10443
-0.94685
1.1529
-0.37387
0.32928
1.0931
0.17893
0.66197
-0.093328
1.3202
0.23517
-0.44285
-1.6207
-0.0098367
2.899
-0.45977
1.2761
0.33505
-0.33145
1.5259
0.22432
1.3686
-0.94839
1.0617
-0.89579
0.82736
0.17123
0.10516
-1.0939
1.4314
-0.70317
0.2565
2.0205
0.69136
-0.69939
-0.27018
2.2292
0.41582
0.27834
0.046573
0.21711
1.4898
0.63974
-0.13062
-1.3374
0.61061
0.78304
-0.98945
-0.87209
-0.46342
2.0413
-1.8309
-0.50917
0.33807
-0.0098227
-1.0346
1.6547
-1.1394
-0.8182
-0.11078
1.364
1.0255
-1.1216
0.022992
-0.88887
-0.60609
-0.59514
-0.85437
-0.66207
-0.71846
0.13591
0.34139
-1.2717
-0.74885
0.99197
-1.7754
0.89726
1.0613
-0.65879
-0.85678
-0.22392
-0.48553
1.0134
-2.2872
-0.23131
-0.5046
0.3105
0.30115
1.7706
-0.70091
-0.48194
-0.045197
-1.579
1.4157
-0.81326
0.97789
-0.47946
0.032537
0.16575
-0.54043
0.25311
-0.17974
-0.93309
-0.63527
0.083974
0.57361
-1.4073
0.46562
-2.2705
-0.66922
-2.2191
0.96198
0.21621
0.48867
1.1767
0.80956
-0.14349
-0.53111
-0.84659
0.41078
0.30052
-2.4806
-0.66975
-0.82214
0.96924
1.2689
-2.1973
0.90527
-0.2197
-0.19591
0.73589
-1.2348
-1.2716
-0.062611
-0.57246
0.41229
0.014686
-1.5564
-1.525
1.6994
0.50096
0.79676
-0.45839
0.43943
0.81649
2.0423
0.021231
-0.56215
-0.095399
-0.076973
0.94351
-0.2401
-0.36689
2.713
0.87753
-0.60683
0.36123
-1.9928
-0.90622
-0.49897
-0.014091
0.18327
0.71329
-0.079712
0.24191
-1.4559
-0.21651
-2.3833
-0.15729
0.70434
-0.14546
-0.74591
0.15655
-0.99132
1.1573
-0.53427
1.5468
0.63141
-1.0769
0.68824
-0.22734
0.49892
-1.633
1.1997
0.7322
1.1805
1.1669
-0.17065
0.10187
1.0606
-0.40412
1.5409
-0.62186
-0.90744
-0.73387
0.84122
2.653
1.0545
0.24604
0.14474
1.8294
0.15692
-1.9767
0.0094587
-1.1716
0.31746
-0.64639
-1.2278
-0.25109
0.25418
0.23946
0.9174
-0.44486
0.36351
-1.6211
0.51648
-1.2628
0.42728
1.5024
-1.8409
0.9101
0.053095
-0.61708
-0.15022
-0.88625
0.95892
-1.0312
-2.1323
-1.1842
-0.71135
1.3193
-0.91457
-1.6717
-0.17656
0.44386
0.99567
-0.25628
1.6213
0.698
-0.52009
-0.5107
0.12141
1.3453
-0.52207
-1.6898
-0.39325
-1.2686
-2.2736
-0.76657
2.5346
-2.0231
1.1827
-0.67347
0.37021
-2.0641
-0.17803
1.4411
0.53892
-0.11864
-0.66394
-0.68047
-0.90784
0.15223
0.45618
-0.2255
0.011298
-0.64815
2.559
-0.32381
0.70618
-1.1077
-1.3912
-1.2226
-1.0464
-0.71394
0.45131
0.98058
-0.59794
0.69331
-1.0544
-1.8154
0.97254
0.98001
1.2051
1.918
1.3215
-0.41182
0.85182
2.3114
-0.9304
-0.87571
1.2728
0.51613
0.20905
-0.25427
-0.13493
2.5828
1.7113
-0.56961
-1.1831
-0.76857
-1.1414
-0.50104
-0.27402
-0.22152
-0.92075
2.3475
-0.19428
-0.21753
-0.40352
-1.1003
-1.1235
-1.3722
-0.91345
-1.2344
-0.069918
-0.42932
0.57029
-0.0015293
1.1147
0.3619
0.91026
0.81514
0.037367
0.86128
0.89669
-0.036393
0.14313
-0.65108
-0.59074
1.1049
1.4461
0.95422
-0.26478
0.88074
0.39511
-0.23637
0.80524
-0.11059
-1.777
1.6084
0.024018
-1.0591
0.78653
0.36498
-1.3067
0.12409
-0.15039
-0.60987
-1.6222
0.51495
-2.136
1.6207
0.90065
1.4935
0.49978
-0.44863
-0.33201
0.94109
0.96741
1.2436
-0.93302
-0.35352
0.26621
0.57275
1.5939
-0.85503
-0.0076079
-1.7017
0.17007
-0.25479
0.76084
-1.2542
-1.1817
0.85515
-0.24431
-2.4509
0.14748
-0.61206
-0.81471
-0.73611
-1.4805
-0.84328
-0.091275
1.6368
-0.2146
1.2327
-0.33223
-0.11749
0.64007
0.1785
0.26848
0.94114
0.90149
-0.070582
-0.00066698
-1.1133
1.4623
0.14389
-0.74772
0.47677
0.33912
0.020829
0.18446
0.77679
-0.51042
-0.57249
-1.2122
0.12856
1.4004
-1.5727
0.60674
-0.67711
-0.13204
0.30005
0.13613
-0.62549
0.48402
0.040629
0.67457
0.74828
-0.56858
-0.28261
1.0122
0.14931
0.64909
1.0395
0.82276
-0.90499
-0.43437
0.20958
-0.79886
0.24215
-0.90636
0.084687
-0.64582
-1.1709
1.1839
0.21109
-1.2002
-0.70935
-1.4282
-0.16732
-0.65262
-0.49365
-1.0149
0.70357
0.498
0.46518
-1.015
0.4935
-0.70996
-0.49736
0.41906
-0.26781
-0.24272
1.1226
0.87093
-0.16097
-0.437
0.42069
0.52751
0.43798
1.0809
0.055405
1.794
0.87995
-0.45694
0.38158
-0.85018
-0.041019
-0.87946
2.1286
-2.1099
1.3639
0.17783
2.0905
1.7321
0.023936
0.54031
-0.078792
-0.43592
-1.4777
0.98996
-0.35034
0.54109
1.622
0.88548
0.26412
1.4066
0.93794
0.16225
0.87709
-0.15027
0.43412
-1.2077
-0.66962
0.91315
-0.76659
0.16435
1.4846
-0.81585
-0.39303
-0.56691
-0.095205
-2.3746
-0.9352
0.70623
0.79904
-1.2816
0.12021
-0.43649
0.53862
-0.33041
-1.6689
-0.9881
0.054178
0.56613
-0.43286
-0.68361
2.7281
-1.7018
1.0988
-1.0925
1.7311
1.4461
0.65979
-0.64229
-1.7631
0.56316
-0.16661
0.689
-1.7348
-1.447
0.60483
-0.093141
-1.3425
0.76185
0.43577
-0.47666
-0.0073435
1.4667
-0.36222
-0.73267
1.0594
-0.24837
0.78161
0.14431
0.64936
1.3224
0.53282
0.21948
-0.20301
0.35179
-0.86256
0.63777
1.3894
0.3876
0.89598
-0.34858
-0.2991
-0.013309
-0.27513
0.7472
-1.4377
1.7478
1.4631
0.17608
-0.40538
-0.28209
-1.3628
0.40072
1.6316
0.12971
-0.21274
-0.35236
-0.15515
-0.54037
-0.19167
1.3066
0.84215
0.46419
1.7962
0.055677
1.0141
-1.0454
-0.42218
-1.2969
1.1977
-0.15459
2.1226
0.64524
-1.767
0.83868
-0.86767
1.252
-0.20403
-1.6222
-1.4203
-0.6877
-0.64105
2.1511
-0.23054
0.11803
-1.2199
-1.5323
0.66339
0.24176
1.1869
-0.19162
0.83403
-0.74217
0.26431
-1.729
-1.2303
-1.1053
-0.15443
-1.7611
0.073876
0.67906
0.31021
-0.18119
-0.49803
-0.11417
0.20219
1.6118
0.97721
0.46128
0.94472
0.38105
-0.19542
-0.125
-0.021907
1.6268
0.057146
-0.1491
-0.19016
-1.9114
0.51777
1.8546
1.3818
1.4844
-0.6433
-0.72113
-1.037
1.7045
-0.69204
0.83928
-1.5922
0.84817
-1.5443
-1.8082
-0.17201
0.14355
-2.0057
1.4644
0.19892
1.4004
-0.53285
-1.0959
0.86326
0.73561
-0.87652
1.3563
0.46748
-0.40218
-0.77465
-1.0579
1.8048
-1.3782
-0.82232
-0.30768
0.055304
-0.11214
-0.3727
-0.11366
0.78918
1.3051
1.0997
-0.9152
-0.98236
0.040921
0.52349
0.1007
-1.1252
1.0731
0.54291
1.165
1.5556
0.16336
0.17304
-0.37717
-1.9232
-0.51275
0.76513
0.76886
-0.2993
0.79184
2.2475
0.63222
1.5129
0.092511
0.29667
0.078152
0.72601
0.17513
2.3045
-0.95515
1.3035
0.023219
0.35115
0.26515
0.19985
1.3573
0.62462
-0.087975
-0.71461
1.1773
-2.0456
-1.0652
0.46838
-0.1966
1.1334
-0.7089
-0.9416
1.006
-0.92968
0.15772
-0.48013
1.3108
1.5882
-1.5201
-0.43811
-1.6563
0.3856
-0.066967
0.017503
0.8458
0.034513
-0.33346
-0.41419
-0.23851
0.95269
1.7467
1.7802
-1.947
-0.12003
-0.724
-0.29502
2.0471
-0.18439
-1.4004
0.2983
-2.2858
-1.1726
-0.3383
0.35175
1.4592
0.44344
-0.25593
-0.13683
-1.1004
-0.061269
-0.35779
1.2696
-0.43235
0.23683
-0.003847
-0.0038483
0.3482
0.63595
-0.018492
-0.027006
1.143
-1.1358
1.6588
-1.8349
1.1818
-0.43953
0.58833
-1.4788
-1.5893
0.74472
0.03433
-0.83879
0.74471
0.70428
-1.2663
0.41347
-0.63853
0.10242
-1.3361
1.7961
0.75842
-1.5601
-0.15007
1.0319
-0.12025
0.45425
-1.6366
0.94929
2.3538
-1.4898
-0.42814
-0.65582
-0.22503
-1.5454
-0.78656
0.48472
0.65352
0.27619
-0.051638
-0.75263
-1.7139
0.51736
2.3784
0.94191
-0.53724
0.7505
-0.16553
0.80497
-1.4265
0.16338
2.7629
1.1553
-0.83717
0.40284
-0.82115
0.098745
0.91086
0.59131
-0.12341
-0.81738
-0.14172
0.72745
-1.2751
-0.5261
0.30968
-1.8524
1.6511
0.15977
0.70267
-0.38482
-0.89214
-1.0943
-1.2024
-0.10034
-1.0981
-0.14922
-1.0376
-1.5479
-0.28826
-1.7898
0.33751
-1.2288
-1.0366
1.7153
1.769
1.2377
0.76262
0.73612
0.20139
1.4743
0.033473
1.6346
1.3693
-0.025455
-1.2376
-2.3375
0.83028
-1.4707
-0.067912
-0.76606
-1.0867
1.0039
-0.089966
-0.23427
0.66035
-0.010573
0.10601
-1.0135
-0.59111
0.84496
1.0793
-1.3212
0.097848
-0.23553
-1.0042
0.47625
-0.87238
-0.18257
-1.2513
-0.046579
-0.092737
0.66867
0.23188
-0.19041
0.7199
-0.76304
1.7074
-0.93509
0.049797
1.332
-0.41832
1.1717
-0.4688
0.056755
2.0615
1.259
1.9566
1.9222
1.1614
0.71734
-0.11707
-0.60873
0.032212
-2.1489
-0.61115
2.0385
2.6397
-1.594
-0.82063
-2.0133
1.4664
-1.2501
2.1766
-1.2183
0.61645
-1.0438
1.2542
0.63821
1.4376
-1.8852
-0.2807
1.8095
-0.090254
2.0625
0.52655
0.96391
1.2561
0.20163
1.4318
1.9384
-0.28414
-1.3906
-0.016413
-2.2485
-0.056708
0.94276
0.28834
-0.10584
0.35935
-0.74529
-0.88827
0.25219
0.38088
-1.0928
-1.774
-1.542
-0.80133
0.038437
-0.46195
-0.12579
-0.78816
-0.48876
0.52758
0.191
-1.4348
0.74986
1.1026
-1.8333
1.2354
-1.5602
-0.76682
0.35318
-1.5848
-0.17499
-1.2821
1.4048
-1.6035
-0.7644
1.5882
0.80948
-0.065853
-0.047527
-0.082586
0.87235
-0.19776
0.22239
2.5645
-0.0027902
-0.075118
0.068463
0.57776
0.37331
-0.30723
0.55197
-0.42667
0.44762
0.52278
-0.46107
-0.047607
-0.16628
-1.519
-0.92741
-1.2674
1.3613
-1.6443
-1.6593
1.2163
0.4986
-1.3236
0.34667
1.1729
0.28029
-0.61072
0.75917
-0.28492
-0.40131
0.60699
-1.8635
-1.8694
-0.57629
-0.87995
1.8584
-0.35648
0.10523
0.29195
-2.1459
-1.5634
-0.70565
-0.30324
0.97148
1.8716
-1.2716
-1.9075
-0.97472
-0.86639
-1.4163
-0.15525
0.43471
-1.3763
-0.415
0.19982
0.87597
1.1782
0.47959
0.76751
-0.82259
-0.40011
-1.6295
-1.4494
-0.28204
-1.2548
-1.5682
0.6982
-0.58003
-0.051614
-0.95077
0.55527
0.70517
0.38247
2.047
0.68583
-0.24454
-1.0153
-0.53492
-0.013304
0.1416
-0.884
1.2313
-0.67032
-0.5362
-1.3515
-1.144
0.77852
0.82454
-1.0076
-2.9616
0.7755
0.1031
0.42517
0.37729
-0.35895
0.086012
-2.546
-1.142
0.78772
1.5773
1.1547
-0.70917
1.0688
-0.9818
0.51178
-0.0047768
0.070396
1.9162
0.56586
0.55557
0.59556
-0.97984
-0.9911
1.9656
-0.56238
0.028134
-0.63005
0.016312
0.15014
0.24631
0.19735
0.88631
-1.0582
-0.31064
-0.23415
-0.15975
-1.3591
0.7855
0.71205
-0.922
-0.63037
0.12953
1.0394
0.14964
-0.29561
2.7176
2.2021
-0.15527
0.74955
-1.099
1.1197
-1.0046
-0.78703
1.1776
-0.38834
-1.2674
-0.29373
-2.2313
-0.37646
-0.77777
-0.71551
0.64749
1.3079
0.064363
0.13908
-0.089368
-2.1462
-0.43021
0.59799
-0.34238
-0.53698
-0.3407
-0.66192
0.079236
-1.7718
1.3919
-0.061482
-1.5849
-0.60025
-0.18846
0.50643
0.40589
-0.1999
0.52237
-1.617
0.41005
-0.15399
-0.18208
1.3041
0.0047882
0.53305
0.41894
-0.51506
-0.78578
2.6535
-1.3276
0.62844
0.11431
-0.42636
2.1382
1.7642
0.094705
1.2843
0.13376
-0.85207
0.36905
2.2414
-0.20339
0.12814
-1.1187
-1.7585
1.8398
0.8988
1.5205
-1.0256
-0.055342
-1.9368
-1.0864
0.12146
2.1697
0.4315
-0.33108
-1.565
0.26807
-0.80255
1.7087
0.99301
-0.20598
-0.089804
0.48484
-1.2838
0.18163
-0.59118
-1.0868
-0.40054
-1.1991
1.1846
-0.52526
0.48491
1.9603
-2.037
-0.84463
-0.9641
0.89486
-0.15975
-1.2614
-1.7808
0.049068
1.1252
-0.8056
0.84272
-1.1565
0.096468
-0.49413
-0.14187
0.51676
-0.68161
-1.5206
0.6203
2.1787
0.002438
-0.51933
-1.221
0.886
-0.9458
1.118
0.40657
0.13815
-0.19536
-1.2073
0.83062
-0.12037
0.40932
0.22587
-0.050621
0.21418
0.22667
1.0594
-0.3609
0.5004
1.0469
0.87494
1.9184
-0.63976
0.061284
-0.053752
-0.16033
0.10305
-0.86176
-0.029128
1.3089
-0.39555
-0.35286
-0.44218
-1.671
0.28033
-0.30408
1.174
-1.6649
-1.1298
-0.88481
1.2198
-0.14902
-0.27228
-0.84065
-0.64124
-0.29961
1.1295
-0.03556
0.65738
1.0747
1.8743
0.86779
-0.019735
-0.19255
-0.54172
-1.7201
0.013064
-0.45903
0.43362
1.1929
-0.75413
0.016683
0.10415
1.5423
-0.081236
-0.22115
-0.011974
-0.2125
-0.99362
0.3818
0.82415
1.2778
-0.20827
0.34487
-0.6346
-0.37466
-0.75835
0.21453
-0.36037
-0.37338
-0.66498
-1.0037
-0.50641
-0.50386
0.68385
1.2564
-0.45384
-1.8579
0.4134
0.30318
-0.56848
-0.40332
-0.85071
-0.39903
-0.23554
-0.57452
1.2629
0.72144
-0.6624
-0.18792
2.2797
-0.87606
0.12233
0.41252
-0.29268
0.77291
0.56374
0.98142
0.070368
-0.031935
-0.11356
0.59615
-0.089735
0.27556
-0.79368
1.1972
1.8321
0.36305
0.93143
0.59354
-0.13079
0.75131
-0.024304
-1.2019
-0.088801
-0.64916
0.23575
0.43123
1.5405
0.68074
-0.13231
-1.518
-0.12658
-1.2657
1.6968
-0.19335
-0.43601
-1.6039
-0.88108
0.14843
0.89689
-0.85901
0.043369
-0.56801
-0.15695
0.55229
2.3116
-0.39374
-0.92358
-0.26487
-0.8633
0.53537
0.011191
-0.91529
0.87057
-1.2457
-0.71042
0.59917
1.1157
-0.77747
-1.5083
-0.44803
2.4312
1.8757
-2.1733
-1.1641
-1.588
-0.62437
0.17731
-1.1116
-0.14922
0.90928
0.72104
-0.18261
-1.4626
-0.43806
-0.80981
0.53503
-0.37226
0.17117
0.45393
1.1939
-0.051379
-0.83168
-0.98985
0.18155
-1.1609
-0.68584
1.4237
0.78044
-0.14051
0.39999
-0.82627
-1.0404
0.41368
0.7543
-0.34173
1.9038
1.1822
-0.26266
-0.58162
-0.81526
0.64028
-1.6089
0.18284
0.0099621
0.41545
-0.391
-1.3944
-0.41761
-0.17828
1.1536
-1.6682
-0.29001
-0.99193
1.3701
-0.55561
1.2366
0.4549
1.4268
1.5921
1.1286
-1.3603
0.56115
0.55128
-0.3507
-1.1908
-0.92902
0.27681
-0.13821
-1.1842
1.9878
-1.1289
-1.5047
2.3414
1.321
-0.59635
0.16946
0.5193
1.5782
1.555
-0.60066
-2.5163
-1.5394
0.74901
-1.3834
0.20883
0.69199
1.4303
-0.25318
0.53935
0.21526
-0.80113
-1.4898
1.104
-1.3363
-0.67443
-0.99769
-0.93843
-1.7471
-0.84071
0.25429
0.27552
-0.90707
0.20958
0.21686
0.3082
0.80524
0.085673
-1.5752
0.090886
-0.4113
-0.66114
1.0408
-0.22254
-0.60492
0.82177
1.1532
0.81767
-0.078163
0.6869
-0.31191
-0.62803
-0.40301
-0.030776
-0.35727
0.17407
0.44207
0.08288
0.070074
0.48415
0.54265
1.8453
-0.0645
-1.2988
0.44846
0.11911
1.1721
-0.52971
0.51309
0.60628
0.16041
1.8283
-0.39989
-0.046507
1.0471
-0.48829
1.7648
-0.56874
0.34872
-2.4269
0.42847
0.023335
0.0945
0.31254
1.0203
2.017
0.53059
-1.3649
1.006
-1.0082
-2.3197
0.42631
-0.58252
1.2915
-0.16703
1.0316
-0.96485
-2.0706
-1.1035
-0.0075769
1.0485
1.9154
-0.38623
-2.0782
0.83503
-1.6826
0.072846
-0.17464
-0.25548
-0.076678
-0.27058
0.38241
0.16723
1.8146
-0.57013
1.0068
-0.4488
1.1302
-0.13105
1.2158
0.22639
0.5367
0.8163
-0.48864
0.31999
0.95535
-0.64191
0.28427
-0.18572
1.1175
-1.6727
0.2426
-0.29058
0.95186
-0.60368
-0.86303
-1.1878
-0.62683
0.13968
-1.3076
1.4409
-0.39142
0.4538
1.1028
-0.13261
-0.55819
0.43907
-0.080946
-0.66091
0.66021
0.48454
1.7747
0.71375
-1.2339
-1.0994
1.045
1.0368
-0.36748
-0.28776
1.1102
-2.5453
0.011458
-1.2416
0.19767
0.081731
-1.6484
0.72992
-0.65635
-0.91681
-0.44247
-0.080839
-0.16446
-1.0818
0.36281
0.35502
0.53338
-0.33184
0.58793
-1.0511
0.34756
0.97642
-0.15548
-1.3338
1.8803
-0.066218
-1.3778
-1.0238
0.30117
1.2917
0.55126
0.76858
0.2617
0.16526
0.24931
-1.5256
1.5541
-0.85059
-0.16573
-1.9933
2.0339
0.67721
-1.2485
1.5737
0.59475
-0.87834
-0.51943
0.52722
1.2819
-0.75643
0.1799
0.38093
-1.3641
1.4233
0.24273
-1.3707
1.1811
1.1425
-1.4758
-0.66954
-0.58955
-0.91334
-0.3662
-0.47733
1.1595
1.1545
-0.72236
0.22248
1.3669
-0.92234
-0.2992
0.9828
2.5314
0.79041
0.22768
-0.14878
0.19347
0.27861
1.175
-1.9587
-0.17963
-1.3752
-1.5284
0.3142
0.49493
-2.0463
0.316
1.1532
1.945
-1.1749
1.0079
0.62283
-0.78848
-0.17577
-0.80079
0.18662
-1.1615
-0.36747
0.96239
0.20181
0.44279
-0.14937
-0.93445
-2.0356
1.3218
-0.071769
0.24437
-0.42459
-0.82045
1.4184
0.72225
-0.89766
-0.38285
0.52979
-0.5859
1.121
1.8964
-0.58241
0.46728
2.6741
0.10031
1.156
-0.38047
-0.53596
-0.94782
-1.5993
1.5059
-1.1305
-0.33856
1.3363
0.89584
-0.13026
-1.5213
-0.064188
-0.85429
0.32724
2.4282
-1.2686
0.42232
-0.35135
-0.8102
0.048082
-0.8324
0.13554
-0.98484
0.65158
-0.062707
-0.9547
0.45275
-0.21118
0.70496
-0.27216
1.2454
0.9904
0.66103
-0.97697
-0.075952
-0.38508
-0.55795
1.558
-0.27489
-0.62866
0.29273
-1.7701
0.38777
-2.453
-2.1841
1.4814
0.47048
0.92418
-1.087
1.3445
-1.1951
0.78042
1.2181
1.3894
0.56376
-2.0191
0.28901
0.17763
0.77075
-1.7856
-0.15036
1.1916
-0.079946
0.21644
-0.11238
1.8866
1.0513
2.2139
0.59766
0.022263
-0.4933
1.138
0.00057893
1.3774
0.41178
1.0808
-0.23442
-0.27864
0.037031
-0.4585
-0.72566
-0.1754
-1.2174
0.16082
-0.63018
-0.3023
0.30869
0.66278
-0.22618
0.98438
-0.46806
-2.9445
-0.74774
-0.44337
-1.1498
-2.408
-0.24478
1.0251
0.89559
1.2711
0.5562
1.3188
-0.47168
0.84299
1.3094
-0.33044
0.28882
-0.16958
1.3782
-0.28611
-0.89054
0.91081
0.80703
-0.81572
-0.9222
0.3303
-0.34789
1.0358
-0.13986
-0.15928
1.3019
-1.7507
-0.28247
-1.2842
0.4893
0.17257
0.96266
-1.0559
0.0083541
-1.6246
-1.1039
-0.48704
-1.4771
-1.4106
0.69391
0.52372
-0.98544
-0.71377
0.4162
-0.16643
-0.5177
-0.93772
2.1388
0.44321
-0.57549
1.5268
-0.31921
-1.2772
1.0829
-0.94774
0.98788
-0.2409
-0.86376
-1.7898
-0.038816
-0.70918
0.88692
0.31855
-1.2204
1.193
0.69536
0.088454
1.8439
-0.083331
1.214
-0.14689
-2.33
0.1024
0.83213
-0.046392
-1.2035
-1.0517
-0.14888
0.10892
-0.77255
-0.53934
0.075534
-1.5689
-0.94236
0.95681
-2.3826
0.16102
-1.6742
-0.5084
-0.2578
2.3415
0.6326
1.251
-0.54197
-0.87601
0.59809
-0.51373
-1.0388
-0.37799
0.84165
1.5508
-0.030249
-0.076906
0.52117
0.51933
0.73565
-1.2588
-0.78909
-0.77643
-0.39893
-1.0634
0.26306
-0.030912
0.24163
1.4171
-1.4905
-0.4703
0.77676
