-0.29362
0.35146
-0.37531
0.50201
-1.3633
0.077698
0.98908
-1.4513
-1.8208
1.0626
0.22522
-0.05444
-0.38524
0.55848
-0.63974
0.98522
1.4046
0.73319
0.034736
0.13573
-2.4133
1.1489
0.38549
0.57515
-0.22427
0.90152
-0.13119
-0.79963
-0.88011
0.51456
-1.3215
1.4215
0.93392
-0.2302
-1.8531
0.24183
0.24094
-0.94682
-0.84549
-0.80135
0.55345
-0.88128
-1.1979
2.1982
1.5301
-0.50135
0.37336
-0.86162
0.69499
0.74526
-0.9332
0.98646
-1.8625
0.77186
-0.58436
-0.71661
0.70941
0.37382
-0.31384
-0.55963
0.79278
-0.58593
-1.69
-0.82842
-1.9365
-1.7889
0.44865
-1.8221
1.3487
1.9582
1.2671
-1.5087
-0.76593
-0.15087
0.47917
1.6059
0.42611
-1.3832
0.72042
-1.6968
-0.0084771
2.2672
-0.26341
-0.80425
0.22439
-1.2279
1.7244
-0.50716
-1.37
-0.76474
-1.8079
0.13066
-1.2007
0.96707
1.0701
1.5798
-1.1652
1.0058
-0.74259
0.77054
-0.39608
-0.55041
-0.64173
1.2405
2.2157
0.63578
0.23679
0.21458
1.942
0.19666
-0.90706
1.8178
-1.1151
0.079955
-1.7144
1.1918
-1.0427
0.65663
0.38657
-0.18796
0.48099
0.88376
1.4659
-0.27297
2.2716
-1.2524
-1.0107
0.36249
1.5228
-1.1553
0.44592
-0.81488
-0.31705
-0.90684
0.48876
-0.33161
-0.5865
1.5989
-1.9331
-1.6761
0.72929
3.1003
-0.028801
-0.91328
0.30344
1.4654
-0.68529
0.98965
0.85569
0.73808
-1.9114
-0.89007
-1.0291
-0.28604
-0.18548
0.32146
-2.1021
-0.063264
1.0201
-1.1815
-0.71295
0.66175
1.6336
-1.9152
-0.55008
-2.2533
-2.4668
-0.50345
1.4332
-2.1654
-0.69084
0.47687
-2.1504
0.49925
0.7396
1.548
1.1845
0.69687
-1.168
2.2701
0.042984
-2.1316
0.84812
-0.52829
-1.1741
0.45794
0.49948
0.41873
0.83836
0.31069
0.31591
-1.2549
-1.0288
-1.4915
0.32317
-0.67802
-1.8306
-0.38407
1.239
-0.55194
0.41183
0.18973
0.53211
0.74903
0.29108
-1.2895
-0.062774
0.22344
0.94176
-0.68063
0.2687
-0.50842
-1.1553
-1.0767
1.3941
0.037408
0.75405
0.9083
-1.5378
0.2233
2.0862
0.536
-0.8735
0.73272
0.891
1.3918
-1.3783
-0.26305
-0.97633
-1.5403
-2.1822
-0.018267
1.4246
1.1566
-0.55471
-1.5327
-0.13337
0.35756
-0.40013
-2.3619
-1.0286
0.63003
-0.54868
1.4191
-0.30566
2.1558
-0.60803
-0.63762
0.6136
-0.31736
0.12851
0.047013
0.93104
-0.36344
-0.19063
-0.451
1.8037
-1.8535
-2.1646
0.64227
-0.95433
-0.70031
-0.35593
-2.0054
-0.51882
1.1853
0.6701
1.1791
0.75273
2.4326
-0.85018
-1.0179
1.8738
-0.34092
-0.69464
-0.57903
0.80867
0.031294
0.97698
0.84653
-0.35417
1.3512
-1.8826
0.6516
-0.0023638
0.36844
-1.4071
0.36583
-1.3251
-0.4914
-0.59335
-0.89506
-0.72273
0.45051
1.7236
1.0539
-0.56147
-0.28231
1.1215
-1.1555
0.59622
0.41861
-0.46081
1.1246
-0.019112
-1.2132
0.20826
0.45179
1.1186
1.4483
-1.2341
-0.93619
0.1079
1.4482
1.7599
0.15947
0.6747
1.2786
1.5374
-1.7071
-0.28273
1.0762
-0.79418
0.43458
1.2336
1.7009
0.75223
1.497
-0.58287
2.671
0.34204
-1.083
-0.39934
0.76506
-1.1712
-0.37749
0.86453
0.74467
0.89496
-0.82015
0.73268
-0.42428
0.32626
-0.84332
-1.5101
0.55725
-0.15674
0.8218
-2.524
-0.90528
0.063409
-1.4193
0.56379
-1.2646
1.4472
1.9929
-0.77582
0.1554
-1.5023
-0.0064119
-0.70738
0.50113
-0.14448
-0.49359
-0.56378
-2.1773
-0.37505
-0.10604
0.040227
0.62954
-0.91516
-1.9081
1.8208
1.0092
0.097807
0.96495
-0.67216
0.56942
0.70673
-0.087615
2.2685
1.9333
-1.7568
0.95616
-0.55024
0.30464
-0.76884
-0.11391
0.86401
-0.46043
0.29808
-1.1134
1.8835
1.9672
-0.25341
0.10264
-0.43336
-1.1954
0.86872
1.1894
-0.28251
0.20352
-2.0109
-0.64794
-0.18224
0.48826
0.57925
1.291
-0.78623
0.58002
-0.53834
0.0082941
-1.4297
-0.95709
0.545
-1.1934
0.85921
-0.25856
0.3077
0.99996
0.48588
-0.8967
1.1537
0.30033
-0.42902
0.21036
-0.76131
0.76926
-0.47084
-0.47667
-0.12595
0.32829
-1.308
0.44148
-0.70238
0.36783
-0.76328
1.5882
0.12779
0.679
-1.2203
-2.18
-0.39807
0.55257
-0.48174
-0.061425
1.021
-0.05105
0.95609
-0.59852
-1.3059
-0.23742
-0.91238
-2.0902
-1.1602
0.82222
0.0051621
1.1604
0.026182
-0.19357
-0.65213
-0.63419
0.19202
0.29382
-0.04338
-0.78486
-0.30409
0.32772
0.43027
1.9759
0.098002
1.9525
-1.1972
1.2827
0.14971
0.033766
-0.67405
0.0013847
0.13896
-1.4667
-1.4383
0.93964
-0.4199
-1.143
1.7883
0.1361
0.86613
0.16557
-0.74097
2.2913
0.59971
-0.37929
0.83536
0.73054
-1.0146
-1.5924
-1.4332
-0.45338
0.4219
0.18458
1.3175
-0.33156
0.56042
-0.29025
-1.915
-0.26237
0.39248
-0.15249
0.96259
1.2668
-0.60398
0.55889
-0.74272
-0.45248
0.52938
1.5082
-1.3831
-0.36578
1.0011
-0.31057
-0.034768
0.30822
-0.32188
-0.094504
-1.4798
-0.36738
0.93397
0.45701
1.6084
0.4638
-2.0294
2.3967
-0.45768
1.1102
-1.3357
-0.757
-1.4261
-0.43824
-0.61892
-0.41612
-0.1985
-1.5322
-1.2622
0.42001
1.2605
-0.63935
0.74026
-0.039158
-0.27927
-0.88825
-0.58766
1.5716
-1.1018
-2.0784
0.78009
0.1399
-0.20347
-0.70963
0.1783
-1.3423
2.191
0.61784
-0.14008
2.275
-1.606
-0.75119
0.73527
-1.044
1.2322
-0.29401
0.46146
0.70372
-0.59142
-2.3814
0.13075
0.070861
-1.6552
0.52835
1.0571
0.12909
-1.6911
0.78632
-1.238
0.29092
1.8131
0.032907
0.42138
-0.86413
-1.1126
0.50482
-0.51655
0.84012
-0.58301
2.3223
-0.39689
0.30436
-0.15519
0.092529
-1.3547
0.37267
-0.01808
1.5986
0.023423
-0.81789
-0.54346
-0.55052
-0.54837
-0.6118
1.157
-0.24944
-0.68267
-1.1389
-1.1316
1.5263
-1.3087
0.57504
1.2676
-0.73279
-1.5829
-0.16157
-1.5171
0.35185
0.059441
1.5613
0.38977
-0.33975
0.037495
-1.8285
-1.7368
-1.4851
1.7601
0.091673
0.18601
1.2367
-1.5917
-0.43663
1.4288
0.66424
-1.6141
-0.72983
-1.2588
-1.1399
2.2068
1.8986
1.891
-0.96785
-0.10291
1.192
0.78566
1.295
0.64585
0.055
0.51097
0.72391
-1.8708
0.12341
2.5636
1.1482
1.4875
0.68795
-0.14501
1.7236
-0.12733
-0.40988
-1.0429
-0.88536
0.85674
-0.47741
-1.1842
-0.74345
0.42495
1.9509
-0.6783
0.68491
-0.76451
-0.050587
0.95825
-0.50139
0.93903
-1.5407
0.3773
0.18221
-0.53511
-0.57237
-1.1943
-1.3846
1.5261
-0.80182
0.36934
-0.077656
-0.82411
-0.049008
0.309
-0.34393
-0.54428
-0.85417
0.79391
-1.2932
0.45031
-1.2535
0.65282
-1.3021
-0.98053
0.64265
-0.78492
-0.7151
1.3426
-2.5385
0.29808
0.45303
0.54296
0.020695
-0.50743
0.49048
1.3152
-0.7797
0.55109
0.69615
0.34705
1.2085
-0.81855
1.6651
0.16096
1.1818
-0.12278
0.47748
0.71928
0.65297
0.071039
-0.26507
0.51364
0.22218
0.53064
-1.1043
1.0171
-0.14702
0.24618
0.9128
-1.099
0.7975
0.11529
-0.83919
0.24431
1.3861
0.08581
0.55577
-0.8714
-2.4107
0.35922
2.4052
1.3276
0.93068
-1.0767
0.19355
-1.0656
1.6262
0.14178
-0.65389
0.31366
0.32476
0.63318
0.93247
-0.19577
-0.59904
-0.090553
0.39169
0.80946
-0.33984
0.37103
0.61654
1.3007
0.80784
-1.4431
0.53906
-0.47395
-0.98391
0.18752
-0.41938
-0.68866
-0.78487
0.39102
2.1931
-1.9664
0.53327
0.68896
-0.61706
-0.84854
1.2059
0.13697
-0.094573
-0.16268
0.31343
0.74919
-0.81139
1.4226
-0.10983
0.47644
-0.070493
-0.737
-1.0221
-0.84368
0.95512
-1.543
0.98285
1.9145
-0.54261
-1.9907
-1.937
0.15676
-0.4197
-0.46218
1.142
1.4501
-0.46993
-0.93609
-0.73646
-0.91312
0.0046772
0.068807
-1.0769
0.66991
1.637
-1.5626
-0.28875
-0.17338
0.70239
-0.2778
0.59156
-0.052473
-0.49715
1.5788
-0.46316
-0.84897
0.57125
0.45395
-1.3984
0.15654
-1.1756
0.27076
1.2313
1.1282
0.35646
1.1156
0.75694
-0.22029
-0.2883
0.10235
-0.7615
1.265
0.41251
-1.3779
0.06223
0.8541
1.224
2.5911
0.66707
-0.9664
-1.0506
-0.94013
1.0601
0.37487
-0.5572
-0.52195
0.26439
-0.88424
1.2899
-0.91217
0.54899
1.3446
1.4971
-0.54695
-0.25189
0.57439
0.14918
-0.0055151
2.0627
0.56497
0.17313
0.27225
0.4704
0.12765
0.60557
-1.1984
-1.4489
0.64333
-0.2703
-1.5809
1.1475
-0.17772
-2.9476
0.70412
0.52696
0.28397
0.72776
0.96411
1.2888
0.9043
-0.64849
0.13894
1.6772
-0.47175
0.74741
-0.53073
0.25733
-2.0706
-2.4673
-0.91376
0.30449
-0.33963
0.15626
-1.0712
1.7333
1.6776
0.59415
-1.7923
0.48767
0.029275
0.27235
0.30575
-1.2934
2.1575
-1.8642
0.27368
-0.48917
-0.76891
-0.9816
-2.3189
-1.9767
-0.61525
-0.4576
-0.46618
-1.285
-0.45392
0.68738
-1.2916
-2.0424
-0.70919
-0.18987
-1.2024
0.94999
0.91138
0.016745
2.8084
-0.84276
-0.46307
-0.17896
-2.0607
0.47794
0.90666
-0.18487
1.4968
1.1933
0.58094
1.2282
0.25617
-0.31466
-0.25281
0.071986
2.6262
0.049869
-1.9372
-1.8605
-1.054
-0.26685
-0.9994
0.51227
0.63317
1.1687
0.67573
-2.2703
1.2931
0.29647
-0.88399
0.014643
-1.5315
-0.5504
-0.020982
-1.2253
-0.87673
-1.0795
-1.5148
1.3272
0.4081
-0.25646
0.99337
0.18374
0.66972
0.94431
0.13411
-0.24052
1.9229
-0.05014
0.80905
-0.49757
-0.22309
2.0955
-0.016733
-1.1412
0.078646
1.1373
0.4937
-0.31379
1.6177
0.27117
-0.19313
-0.69027
2.5998
-0.077913
-0.36225
0.62911
0.52031
-1.0242
-1.3913
-0.75923
0.49542
1.3657
-0.53622
0.3778
0.76919
-0.075534
0.14855
-0.48737
-0.024468
0.2844
-0.79484
-0.88304
1.3591
-1.1936
-0.7063
-2.0236
-0.26085
-0.40891
-0.14613
1.6164
1.3755
-0.89941
0.98737
0.4173
-0.053224
1.4948
-0.49894
-1.5774
0.31317
-0.057544
0.7662
0.65821
-0.55564
0.58333
-0.71014
0.94235
-0.49412
-0.88208
2.3441
0.56616
-0.067246
0.022856
-1.0768
-0.78063
2.0829
0.92748
-2.5273
-0.81675
-0.061461
0.47366
-0.28697
1.0945
0.4063
0.42035
-0.037132
-2.4081
-0.82527
0.48689
-0.87264
-0.71876
1.3809
0.59677
-0.43002
-0.21571
-0.13009
0.58652
-0.4851
-0.41945
0.28817
-0.24717
-0.53319
-0.28031
-0.086646
0.54279
-0.50252
-0.85017
-2.2195
-0.18183
-0.39227
0.98487
0.068074
-1.2821
0.38934
0.6134
-0.13511
0.62553
-1.3349
1.4138
0.95264
0.42228
-0.28777
-1.2137
-0.77612
-0.22859
0.70156
-1.2697
-0.52808
0.83439
1.402
-1.4874
-1.699
1.9259
-1.7493
-3.2725
-0.060799
-0.064275
-0.86672
1.3759
-0.17346
0.1448
0.65388
-0.13146
-1.0624
0.62982
0.50232
-0.12103
0.9638
0.26775
-0.96476
-1.8211
-0.60734
-0.28688
-0.59757
0.13304
-0.34321
-1.2867
0.2218
-0.17584
0.94347
0.99654
-0.30676
-0.35954
-1.0683
-0.40237
-1.477
-1.5564
0.77975
-0.05363
-0.19092
-0.52023
-1.3945
0.048158
-0.081792
-0.38731
-0.34188
-1.1666
-1.3928
0.36187
0.82141
1.2858
-1.549
0.098793
0.50491
0.51744
-0.19468
0.78726
-0.40641
0.28327
-0.43961
-1.3755
-0.36054
1.8788
-1.784
-1.7898
0.29275
-0.37948
2.4261
-0.17218
0.35329
-1.0421
-1.664
0.35425
0.88209
0.72697
0.5708
-0.39271
0.54123
-1.323
-1.721
1.1589
1.2599
-1.1017
-0.75728
0.24292
0.96248
0.41169
0.56773
-0.48341
-1.6317
-0.84194
0.92174
-1.5711
0.71124
-1.2626
-0.65944
1.3281
0.78636
-0.314
-1.2009
0.67521
-0.40185
0.061689
0.0083529
1.4708
0.45225
1.4397
0.12145
-0.52509
1.4783
0.98819
0.29406
0.14811
-0.30732
1.799
0.48487
1.5067
0.12386
-0.82571
-0.81621
0.040822
1.9796
1.4431
-0.64339
1.5874
-0.85458
-0.39516
-2.3295
0.16148
0.46677
0.60358
-0.52527
0.23038
0.029273
-0.26529
-0.81886
-1.8018
0.41743
-0.71895
-0.86298
1.3608
0.46063
-0.72101
1.643
1.4553
-0.40127
0.18956
-0.33663
-0.99766
0.53764
1.3532
1.9589
-1.7009
-0.3445
0.10679
0.94824
-0.56309
0.46753
2.0503
-1.1457
0.29097
0.75337
-0.34638
-0.47255
0.45177
-1.1585
0.58839
0.036799
0.052612
0.83754
0.049834
0.5434
0.99644
-0.85818
1.5576
-0.24899
-1.5634
-1.6939
0.42923
1.1413
0.36718
-0.53232
-1.2075
0.0049497
1.1181
0.23461
-2.1693
0.037849
-0.55478
1.3393
-0.11756
0.013981
0.5366
-0.36442
-0.5767
-1.1627
-0.37015
-0.47522
0.61935
0.23425
-0.2291
0.18252
-0.057132
0.94396
1.4609
-0.29882
-2.0238
-0.14772
0.55829
0.81401
0.83116
0.7265
-0.74753
0.64849
-0.15453
0.60654
1.7822
-1.9029
0.41487
1.1625
1.1219
1.7592
-1.236
-2.4062
0.37288
-1.2014
0.53602
0.54209
0.3159
2.422
-0.29558
0.022111
-0.5538
-0.58878
0.2678
1.1972
1.4437
-0.79932
0.71533
2.2638
2.2279
-0.20208
-0.67815
-0.3149
-1.2143
-2.0869
-0.37658
1.1415
-0.43088
0.33827
-0.92859
-0.77077
-0.11154
-1.1435
-0.18243
0.64887
-0.054543
-0.097906
-0.15619
1.2215
-0.98538
-0.013289
-0.89854
-2.5295
-0.36273
1.3214
2.052
0.72536
-1.1783
1.249
-0.8622
0.83725
0.47177
1.727
1.2341
0.60229
-1.6368
-0.14015
1.9565
-1.4009
-0.68076
0.71108
0.70699
0.91846
0.43087
-0.76229
-0.68181
0.24875
0.22851
0.15883
-0.015607
1.8381
-0.12305
1.8016
0.99484
1.3654
-0.20906
-0.33111
0.12341
-0.16636
-0.048635
0.040614
0.28035
0.68822
-1.3731
-1.5269
-0.35786
-0.61461
-1.626
-1.5435
-1.1037
0.29016
-0.67138
1.0453
-0.74471
-0.43531
0.051793
-0.14516
-0.48939
0.46442
-0.38118
-1.0652
-0.55928
1.2888
1.1291
1.0036
0.41932
-0.37315
-0.33235
0.1807
-0.37918
0.15225
-0.42593
-0.97309
-0.97527
0.78613
1.1614
0.86118
-1.8319
2.4585
-0.26897
0.10515
0.0097159
-0.094786
-0.30805
-0.66234
-1.1206
0.77497
-0.35278
0.50081
-0.86007
-0.099624
0.028836
-0.68831
0.10473
-2.427
-0.71387
-0.25799
1.6575
1.24
0.57642
0.35643
0.45566
0.60327
-1.5898
-0.22942
-0.55104
-0.36754
-0.60641
-1.6883
1.4377
-1.7506
-0.11222
-1.0329
-1.4471
0.31592
0.060216
0.72237
-0.40667
0.25514
0.60763
-1.6809
-1.2238
0.69796
-1.1018
2.7934
-0.011053
0.73848
0.60864
-1.917
-0.074857
0.028969
0.76792
-0.17267
1.4499
-0.50761
-0.52882
-0.38336
0.92348
-0.14827
0.075788
0.14208
-0.25973
0.24398
0.8017
0.22615
0.093822
1.0822
1.4011
-1.1725
1.0312
0.15992
0.055451
-1.467
1.0169
0.88755
1.1835
0.17342
-0.86995
0.38819
0.74647
1.4751
0.3795
-0.97762
0.73864
-1.484
-1.2682
-0.21834
-0.14768
-0.24192
0.57465
0.023168
1.1835
-2.4877
-0.07629
-0.86406
1.7232
-0.6903
0.21891
0.95502
0.033428
-0.64136
1.2387
0.93205
2.0815
1.0688
-0.75475
1.3307
-0.44515
0.31694
0.49502
0.84155
-0.40751
-1.8664
-1.1095
1.5044
0.26443
-0.52044
0.54635
-0.37275
-0.61193
-0.53488
-0.25564
0.75916
1.6595
-0.36116
-0.85287
-0.90432
1.1744
0.28983
-0.27035
-0.10039
-2.0706
0.6644
0.070665
0.43141
-0.20593
2.9676
2.0159
0.12214
-0.17424
0.97614
-0.74726
0.96161
0.95911
-0.88462
-0.10599
-0.41006
0.81726
1.2853
0.4657
-0.17556
1.3631
1.4158
-0.17196
0.28571
-1.2153
-1.7225
1.1818
0.2473
-0.84166
0.56946
-0.61509
-0.90082
0.73372
0.30692
0.27652
0.47716
-0.81681
0.44842
-1.3487
1.7963
0.20806
0.90705
0.32919
1.001
0.64045
0.17065
0.52326
-0.9352
1.175
-1.8026
0.73688
0.46445
-2.4218
-0.51412
0.14951
-0.79854
-0.27111
-2.5994
-0.44774
0.67302
-0.37429
0.33508
-0.3716
0.49682
-0.8358
-1.9342
0.50082
0.35801
-1.3913
0.84729
2.1253
0.059432
-0.30704
-0.030338
0.080003
0.8418
1.4996
0.23668
0.56454
0.7205
1.3599
0.91391
0.84786
1.7087
0.98082
-0.88716
0.011175
0.27459
1.1627
-0.083768
1.7288
0.67175
-0.3632
-0.21217
1.3459
1.6312
0.345
1.0818
1.821
0.14178
-0.74119
0.30128
0.51503
-0.87099
-2.1787
-0.44061
-1.1972
-0.21322
0.027943
-0.3303
-0.62871
0.40397
0.70122
1.4218
-0.092488
0.26918
0.97591
0.15033
0.33289
0.6973
0.42595
-0.7758
0.14872
-0.53801
1.0399
0.83032
-1.7919
2.0274
0.4948
-1.3256
-0.42358
-0.56558
-0.52408
0.016603
-0.5697
2.7396
-0.15245
1.0783
0.60547
-0.37749
1.0357
-0.56371
0.88094
0.26633
-0.41169
-0.73215
1.4149
1.3434
0.48669
-0.48267
-1.4684
-0.44873
0.26765
1.6612
-0.88141
-0.61155
-0.42545
2.3036
0.79033
0.17976
1.171
1.9159
-0.54753
0.6747
-1.2861
0.45255
0.52088
0.15575
1.4518
-0.69189
-0.95067
2.3663
1.1506
1.0901
0.03248
-0.28295
0.63367
-0.36055
-0.69025
0.67891
-1.2548
-0.6002
0.52797
-1.4382
-1.5926
-0.36236
0.058317
-0.19394
-1.3515
-0.19287
-0.7628
-0.09863
1.21
-0.21249
1.5529
2.177
-0.37724
-1.5265
1.2448
1.0615
-0.47752
0.98145
0.048524
-0.1304
0.060894
-0.53373
-0.58506
0.81281
0.55226
-0.91857
-0.16207
0.74854
-0.45495
0.47509
-0.047979
0.11905
-1.2328
1.1569
-0.87074
-0.58604
1.7085
-0.71494
-0.14797
-0.54636
0.20677
0.38973
-1.2203
1.7071
0.65097
0.94657
-0.80432
-0.032106
-1.3344
0.52798
1.2288
-0.18321
0.63511
-1.2243
1.4995
-0.68673
-0.44751
-1.3262
0.6294
1.9167
0.5883
-0.1746
-0.83213
-0.25659
-1.4754
-0.55304
-2.1144
-1.2435
-0.5104
0.20415
-0.77186
-0.26648
-0.86264
-0.42148
-0.16948
0.28168
-0.39483
0.80688
-0.74799
-0.54038
-1.8596
0.26522
-0.27959
0.62476
0.95173
0.48042
0.12171
-0.05794
1.0489
0.82417
2.0119
0.35601
-1.1225
0.95502
-1.3793
1.6894
0.32219
0.12904
-1.6312
0.92859
-0.080354
2.2441
-2.6121
-1.7469
0.57527
-2.5788
0.46166
-0.4688
0.37134
0.22004
-0.58631
1.1378
-1.3771
-1.6722
1.0576
-1.3982
-0.71303
0.25929
0.7077
0.35594
-1.0317
-0.46459
-1.3499
1.5786
-1.6129
-1.6798
0.9847
0.72878
-0.3285
-0.2058
-0.28518
-0.077106
1.1572
0.44401
-0.41858
-0.7453
-0.12426
0.20643
-0.20238
0.25899
1.5764
0.27257
-1.3748
-0.93701
0.21922
-0.029091
-1.2851
-0.15093
-0.11214
0.9041
-0.99665
1.0345
-0.62064
1.6129
-0.24025
-0.63909
0.15627
-0.27722
1.0874
1.4732
-1.3085
-0.086706
-1.3568
-1.2807
-0.14426
0.14231
-2.573
-0.10456
0.2048
-0.55132
-0.29494
0.7544
1.7738
-0.061221
-0.56874
-0.66412
0.52932
-0.93706
-0.93328
0.37885
-0.070194
0.27598
-0.10232
-0.74906
0.90994
-0.24639
0.31162
1.5999
0.31367
-0.0522
-0.36615
-0.37883
0.79502
0.96691
0.66705
1.4672
-1.3346
-1.3808
0.56023
-1.6331
1.1097
-1.4015
1.3802
-0.39368
1.2827
-1.0553
0.16891
-1.0519
1.0979
-0.46603
0.0016254
-1.033
1.8687
-1.1456
0.62412
1.1642
-1.3913
0.67402
-0.3827
-0.52112
-0.39607
-0.9821
-1.0072
-1.8332
0.055604
-1.2144
-0.3415
1.1181
2.6085
0.6256
-0.71214
-2.292
-0.70954
0.8969
-0.55422
0.2355
-0.30729
-0.82494
-1.9586
0.16079
-0.8422
0.34441
-1.3134
-1.1042
-1.0947
0.22966
-0.074888
0.52036
0.50435
0.54877
1.4808
0.75762
0.75121
-0.073726
-1.5182
-0.62597
-0.72419
-0.12158
-1.2235
0.35653
0.83276
-0.62951
0.73506
0.4156
1.4303
-0.41501
0.7762
0.62719
-1.8029
0.88358
-1.0181
0.10948
-0.60545
1.3828
0.70697
-0.31695
-0.467
-1.0528
0.051748
-0.15663
0.44899
2.5379
-0.06248
0.64098
-0.79356
-0.20044
-0.80061
-0.3316
0.80849
-0.42668
-0.73103
-0.4847
-1.2937
0.87503
1.9617
-0.054564
-1.0592
-0.46268
-0.98821
-0.91254
-0.30462
-0.0067394
-0.037354
-0.35523
1.0854
0.8049
-1.804
0.2287
1.5678
-0.23697
0.085432
-1.7783
1.0947
0.43902
0.35882
1.1795
-0.26234
-0.6625
1.3206
-1.2709
-0.68531
-0.26408
0.1261
0.48011
-0.51284
1.5467
-0.49335
0.24771
-0.29089
0.74116
0.34912
0.21931
-1.8327
0.46876
0.16189
-0.50597
1.5609
0.45265
0.37071
-0.091066
-0.15124
-1.1262
-0.11202
0.4863
1.1321
-1.1116
0.89027
0.091271
0.71831
-0.94713
-1.029
0.55933
-0.60173
1.5524
0.43858
-0.80842
1.4058
-1.0723
-0.18042
0.53904
-0.93728
0.91013
1.4748
-1.7784
-0.075579
-1.2297
-0.15637
-1.277
-0.53785
1.5699
0.68146
-0.21301
-1.7651
1.316
1.4867
-1.3765
-1.1968
0.6083
-0.56879
1.0399
0.52028
-0.90812
0.74383
-0.4573
-2.6185
-0.2012
-1.1656
0.55458
2.186
0.75189
-0.13406
1.4265
-0.16123
2.4221
-1.5816
0.8382
-0.17081
0.82626
-0.88427
-1.4369
0.017746
0.75093
-0.52457
-0.61278
0.57391
0.096462
1.0189
1.8909
-0.037645
-0.89216
-0.25916
-0.56678
-0.68444
0.51954
-1.8936
-0.2615
-0.3097
0.9383
0.51232
-0.098054
-1.0146
1.3983
2.0533
-0.4215
-1.0051
-1.0738
-0.98745
-1.0741
1.2795
0.010356
0.36716
0.9163
0.6759
-0.10026
0.71892
2.0868
-0.59564
-1.267
-0.26474
-1.6073
-0.55865
0.22121
0.84937
-0.10176
-0.92205
1.073
1.1317
0.95561
-0.10079
0.14528
-2.1485
-0.082846
0.36465
0.32522
-0.51733
-0.39942
-0.72056
-0.87633
-1.7157
1.2708
-1.0062
0.70598
-1.0718
0.1087
-0.25058
1.1233
0.1227
-0.20138
0.18549
-0.77559
-0.098478
0.44482
-0.68598
-0.48359
1.242
-1.1985
1.0705
1.1403
0.7056
0.66545
0.25583
0.80164
-0.93698
0.57744
1.4947
-1.2764
1.049
0.91277
-0.68594
0.74367
-0.88492
1.0634
1.5249
-0.58901
0.96638
-0.65722
-0.14828
0.22595
1.9456
-0.11403
0.65056
0.30283
-0.3452
1.373
-0.35858
-2.2623
0.27437
1.1662
0.27448
0.81102
1.2423
-0.20394
0.87062
0.77966
-1.7124
-1.2724
-0.59686
2.3372
-1.1139
-0.41087
-0.61238
2.8396
0.18115
0.21762
-0.97821
-0.35873
-0.55065
-0.43251
-0.92829
-0.19307
0.50921
0.91982
-0.58203
0.73759
-0.69126
-1.8137
-0.12235
-0.95307
-1.6971
0.9089
-0.15501
-1.3481
-0.48772
-0.045879
1.7793
-1.24
2.1892
1.1124
-0.20365
-1.5508
-0.12166
-1.4213
0.037012
-0.77615
0.37618
1.4005
0.66054
0.35333
-0.19832
-1.7277
-0.13067
-0.13788
-1.4253
0.20542
-0.25822
-0.65569
-0.10846
1.127
-0.51728
0.013588
-0.80794
0.3444
-1.1215
-1.7718
-0.23204
0.65266
-0.66498
0.66814
-0.98654
-0.54297
-0.42336
-0.59343
0.56977
-1.0507
2.6583
1.3874
-0.58325
-0.32904
-0.42882
1.9379
2.1554
0.011036
1.1984
0.79684
0.62055
0.70588
0.31785
-1.1194
0.60573
-0.040776
0.41199
-0.31075
0.95989
0.24555
0.57587
1.2681
-0.9908
-0.46137
-0.78953
-0.29787
-0.39998
-1.464
0.50805
-0.29363
1.0952
-1.9046
-1.0911
0.32465
-0.35103
-0.37986
-0.93638
0.32995
0.4609
1.569
-0.41663
-0.04187
0.28853
-1.3495
-0.34942
1.4531
-1.7895
1.5054
1.0953
-0.39231
0.35229
-0.89971
0.76039
1.331
-1.0114
-0.65421
0.71805
-1.9966
-0.47204
0.90156
-1.3396
0.30622
-0.80729
0.33129
-1.9712
0.63145
-0.73542
0.78569
-0.38651
1.0474
1.1934
-0.91523
-1.5984
-1.4959
1.0975
0.63413
-1.0458
-0.21062
-0.24481
0.67899
-0.72778
1.2969
0.99594
-1.8991
-0.18635
2.4309
0.51615
0.57293
1.4264
-0.14961
-0.39497
0.14832
0.80295
-2.3487
0.7653
-1.8003
-0.36266
0.20043
-0.59646
0.4976
0.44915
-0.040919
-0.30409
0.91623
0.14245
-0.67429
-2.0594
0.33309
-0.70758
0.845
-0.21046
0.9271
0.37894
0.69036
-0.063305
0.49951
0.64537
-0.58344
-0.044933
0.95615
0.033833
-0.28572
-0.36291
-0.22846
1.1336
-0.77607
0.30649
1.2191
-0.86052
1.0523
-0.51469
0.86397
0.21504
1.2024
0.9311
-1.7519
0.86275
1.0011
0.80681
-1.3266
-1.0201
1.2303
0.16436
-0.68927
-0.58912
0.057925
-1.2526
-0.075002
-0.10542
-0.17169
1.4024
0.20373
0.76162
-1.4125
2.7802
-0.44488
0.92402
0.45093
0.34507
0.44374
-0.081058
-1.1347
-2.2649
0.20552
0.91444
1.9515
-1.4165
-0.069184
1.0767
0.90166
-0.18077
0.70871
-1.4844
-1.735
-0.21297
2.1513
-1.0593
-1.4866
-0.06918
0.058146
0.027551
1.3424
-0.25115
1.3051
0.32837
-0.279
0.91188
-1.1376
0.64146
-1.1413
0.54379
0.8152
2.0517
0.60784
0.49078
0.41665
-0.23486
0.79314
0.010096
0.26504
-0.80553
1.0148
-0.17408
-0.64143
0.25978
0.90115
-0.40572
0.49093
0.61774
0.31522
-0.46902
-0.27877
-0.70986
-0.087717
-1.0264
-0.80745
0.26935
0.66948
0.98828
0.1686
-0.3628
-1.3497
0.38819
-0.39069
-0.79321
-1.6074
-0.27165
-0.70631
0.1896
0.02511
-0.26656
-0.26372
0.57258
0.12598
-0.61529
0.032642
0.26057
0.55093
0.15679
0.085024
0.76873
1.1952
-0.58897
-0.11359
0.80274
1.3887
0.66657
0.21715
0.35811
0.16797
-0.3962
-0.14609
-0.39311
-0.32628
1.1422
1.4967
0.12914
-0.20471
-0.1947
-0.25945
0.89264
1.9174
-1.2558
1.0329
1.0924
-0.87104
-0.89138
-0.51742
0.85037
-1.3961
-0.54558
0.66206
-1.4123
-1.4249
-0.64943
1.2209
0.91387
-0.80403
0.32879
0.19302
-0.15405
-0.13572
1.2608
0.86171
-0.76061
-0.94472
0.027509
1.1395
-0.35614
-0.57895
-0.49024
0.40393
-0.73355
0.99764
0.25079
2.0892
-0.0076964
0.46138
-0.19021
1.1786
1.7946
0.14725
0.61279
-0.57809
-1.2917
-0.090171
-1.9151
-0.24163
-0.3963
-0.16121
-0.46121
-0.58115
0.038235
0.24561
1.6196
-0.14391
-0.9072
0.48627
0.44691
-0.39411
0.37037
-1.4695
3.4912
0.43903
-0.83686
-0.93241
0.94865
-0.29268
1.8583
0.032311
-1.284
-0.87387
-1.3509
-0.24767
0.54524
1.0428
-1.0705
0.51473
0.35806
-2.2122
-0.71386
0.61904
-1.604
-0.59959
-0.23085
1.7708
0.044737
0.46796
0.633
-0.46667
1.4734
0.22763
0.28586
0.045184
0.34154
-0.71324
-1.0505
-0.3812
-1.3849
-0.88051
0.65376
-0.17713
-0.021595
-2.5057
1.4561
-1.7651
-0.11759
0.12725
0.012959
-0.54618
-1.1092
-2.0923
1.5443
0.69774
0.60111
-1.9947
-0.46773
0.08667
0.45629
0.4469
-1.683
1.3417
0.41902
0.90442
-0.1888
0.78014
-0.49796
-1.0628
-0.35183
1.8576
-0.6102
-0.46323
-1.9248
0.20532
-0.46705
1.1962
1.4264
0.86367
-0.17952
-0.50867
-0.1393
-0.99325
-1.6706
0.28134
0.30955
1.4871
-0.14655
-0.71598
-1.5488
0.43596
-0.074727
0.31348
1.822
0.16226
-0.45995
0.39292
-0.12233
0.079146
-0.5415
-0.4916
-0.39413
0.029951
-1.5254
-1.1539
0.52445
-0.09895
-0.45656
-0.95049
-0.052339
-2.2215
-0.66583
0.68045
0.12103
-0.64608
-0.14721
0.88951
-1.038
-1.3801
-1.199
1.1845
-0.10975
1.7879
-0.14477
0.95928
0.1814
0.24395
0.84341
-0.52945
-3.4465
-0.94635
-0.85027
0.74938
-2.1672
-0.80281
-0.62764
0.42845
-2.0084
1.1921
0.17563
-0.12168
-0.56102
-0.047767
1.7175
-0.85117
-0.31931
0.24794
0.78299
2.3808
-0.45222
0.19692
0.39211
-0.20062
2.656
0.1534
-0.384
-1.7534
-0.82973
-1.3199
0.83546
-1.6237
-0.073544
0.10696
-0.97932
0.41091
-2.054
-0.32368
-1.1148
0.61636
-0.075172
0.56564
-1.0465
0.97274
0.64549
0.09941
-0.072223
-0.86685
0.61233
-0.51659
0.9448
-0.97243
0.61689
1.2316
-0.6814
0.3531
-0.072097
-0.25718
-0.33172
-0.23251
-0.27746
0.88165
-0.52772
0.59788
-1.0534
-0.11579
-0.61483
-1.2293
0.64841
1.2347
1.8222
0.268
-0.0053206
-0.22907
-1.072
1.3325
-2.1671
-0.16481
-0.56306
-1.392
0.66463
0.69215
-2.0257
1.8784
-0.44174
0.10929
0.0082667
0.39256
-1.0341
1.6878
-0.50733
0.89503
-0.12594
-0.14605
1.2337
0.51693
-0.0056991
1.8324
-0.041047
1.3342
1.0477
0.61916
1.2345
0.50473
1.5321
-0.45423
-0.21442
1.4356
-0.052162
1.3805
-0.07409
2.0081
-0.35595
0.18269
0.91462
-0.17711
-1.0575
-1.9737
1.1905
-1.4692
1.2594
0.19043
0.63887
0.61985
-0.27937
-0.55189
0.41332
-1.2948
-0.64565
-0.43961
0.87375
0.25672
-0.26597
0.57261
-0.76015
-2.0171
0.63897
-1.7958
-0.83489
-0.06824
-0.83604
0.40115
1.6924
0.98483
-0.58225
0.19021
0.36943
-0.48505
0.08456
-0.6356
-1.5117
-0.69935
1.569
0.046207
-0.17302
-0.60663
0.6887
-0.021915
0.48973
-0.99037
-0.75091
-0.39611
0.51273
1.1248
0.89177
-0.63879
-2.2316
-2.2496
1.1566
-0.90923
-0.5853
0.57469
0.20196
-1.6542
-0.26709
0.29059
-1.1057
1.5374
1.7198
0.18121
0.90395
-0.93227
-0.25409
1.4071
-0.038294
1.1169
-0.66418
-0.58406
-2.0755
0.60591
-0.65996
1.4513
-0.44277
0.78813
0.86254
-0.42096
-0.1547
0.20807
0.76643
-2.4728
-0.59893
-0.9662
-0.34548
0.31285
-0.21408
0.68408
-0.59941
0.38701
1.4668
-0.011172
-0.28005
2.1793
-1.0662
0.491
-1.1085
-0.26288
-0.52264
0.93406
-0.44107
0.8338
0.72097
-0.26897
-0.097567
-0.3238
0.55331
-1.1334
-0.19957
1.4295
-1.2288
-0.14914
0.74806
0.13866
-0.027055
-0.83423
1.6094
0.37791
-0.36609
0.21254
-0.28688
-0.41753
1.0186
0.90898
-1.0793
1.0486
0.70658
-0.22528
-0.86722
0.18758
-0.48093
0.15909
2.21
-0.51399
0.92165
0.123
-1.3891
0.18509
0.19877
1.6191
1.5728
0.11181
0.53263
-1.1701
0.37717
-0.91381
-1.5328
-1.6254
1.408
-2.1736
-0.23335
1.1484
-1.0756
-1.0211
-1.2583
0.39402
0.059984
-0.18177
0.99946
-1.3247
-1.3952
0.34673
0.54099
0.98889
-0.40277
-0.74597
-0.62997
-0.37844
0.14493
0.68643
2.5879
0.6426
-0.43106
0.48846
-0.74991
2.3115
-0.88798
-0.20998
0.89039
1.3115
0.60538
0.60274
-0.4157
-0.1687
-0.7695
-2.3178
0.024391
-0.56174
-0.55297
1.8194
-1.8795
0.28089
0.79645
0.91451
-1.6943
0.064699
-0.96154
-1.3512
-0.37594
0.075256
0.77859
-0.54025
0.38674
0.033268
0.61486
-0.51521
0.5628
1.0304
2.2002
-1.1973
-1.4722
0.54671
0.97891
-1.0346
-0.69022
0.43413
1.2097
-0.37039
-0.99715
0.15033
1.8216
1.0989
-1.0837
-1.4346
1.0206
-0.10574
0.50588
0.33807
-0.050868
-0.18091
-1.6325
-1.6779
-1.6801
-0.62155
0.97703
-1.4805
0.42176
-0.44574
1.8329
1.0666
-0.54594
0.13465
1.2468
-0.33472
-0.73304
0.72884
0.26406
-0.56416
1.8817
2.5491
0.87152
0.33988
-0.88462
0.56151
2.4736
0.5121
0.45618
-1.8032
1.1338
1.0657
0.73716
-1.049
-1.0208
-0.3353
0.33022
-0.26444
0.6417
2.0022
-0.24664
0.69306
0.10371
0.92486
0.58944
2.4484
1.353
-0.24196
0.10255
1.9334
-0.044944
-1.1629
0.81065
0.12369
-1.0098
-1.4249
-0.10677
0.24648
0.34038
0.65114
-1.1567
-1.0275
0.44286
-0.76195
-0.29893
0.71105
-0.25054
0.62246
0.20983
-1.1455
-1.3155
1.4988
0.57705
-1.4957
0.37655
-1.1186
2.1369
-0.57626
-1.334
-1.8785
-0.27136
-1.4624
0.57236
0.74969
-0.374
-0.22397
0.85982
0.072329
-0.046779
0.62599
1.1437
0.31395
0.19671
0.56417
-0.8163
-1.7223
0.3778
-0.42682
-0.97458
1.3496
1.4144
-0.21677
-0.94626
-0.71888
-0.041562
-0.98591
-1.1604
-0.86824
0.16357
-1.1254
-0.18393
1.3158
-0.49154
0.2249
-1.2589
-0.94958
-0.038334
-0.089582
1.2976
-1.3483
0.30336
1.9967
-0.042634
-2.2262
1.1461
-0.2666
-0.30261
0.07958
0.4099
0.78258
0.086669
-1.3723
-0.66922
-1.3406
-1.3046
-0.12657
-0.72942
-2.3087
0.24144
-0.059143
0.45684
1.3117
-0.19429
-0.24094
0.43945
0.025794
-0.089272
-0.56285
1.6203
-0.091305
0.86007
-1.0342
-0.59511
-0.2783
-1.766
0.44399
-0.79675
0.094255
1.2236
0.58479
0.935
-1.0907
-0.31706
0.50608
-1.672
-2.2046
-0.68992
-0.20977
0.76831
0.69722
0.40952
-1.0865
-0.49727
-0.79422
-1.5043
-0.75298
0.17019
1.407
0.47093
-0.82295
-0.40898
0.76272
1.1585
2.5089
-0.25639
-0.77732
-0.63772
-1.3006
-1.8153
0.24119
0.069857
0.80111
1.79
0.83925
1.1213
0.061788
-0.12193
-0.3519
-0.34981
0.19494
1.0899
-0.63766
-0.014935
-0.83144
0.99653
0.73714
-0.070405
-0.25895
0.022844
-0.86017
0.030183
-0.89684
-0.3199
0.52162
-0.40795
-0.78107
0.5725
0.1682
0.15493
1.2794
-0.26308
-0.041309
-0.96882
-0.39564
-1.6173
0.70011
1.28
1.4554
-0.11263
-0.4806
-0.57056
1.072
-1.1251
-0.031635
0.22015
-1.2799
1.1529
1.2215
0.52516
-1.0618
-1.1525
0.48474
0.4759
0.4049
1.1126
-2.5887
-2.0647
-0.082335
-0.821
-0.052092
-0.27259
-2.0697
0.68352
-1.5657
-1.6009
-1.1452
0.37495
1.1558
0.23156
0.41137
-0.61849
-0.58146
-0.62741
-1.0017
-0.53037
-0.18708
-0.054046
0.31777
0.16709
1.5032
0.090178
-1.6363
-0.79107
0.96538
0.15121
-1.1426
0.52782
-1.2203
0.43143
-0.73338
-0.85272
-0.61705
-2.0438
-1.2333
1.779
1.3816
0.74247
0.7317
-0.59537
2.0199
0.23908
-0.04693
0.54224
0.29064
0.52542
-0.28343
-0.8257
-0.22962
-0.079794
1.9175
1.019
0.24928
1.5539
-3.173
0.23652
1.5132
-0.1742
0.72034
-1.222
-0.20749
0.38353
-0.14492
0.98762
-0.032282
-0.87962
1.7034
-0.22241
-2.0865
-0.45194
0.98648
-0.51095
-1.7574
1.1391
-0.74092
1.2239
-1.1805
1.6683
-0.32184
1.4267
-1.3314
-0.65699
-1.0443
0.37895
-1.8716
0.3307
0.50465
2.2853
-1.1061
0.028226
-0.37745
-1.4862
0.023452
-0.023693
-1.3401
0.39068
0.33992
0.84413
0.14207
-0.0040513
0.13939
1.1656
0.2513
-0.68814
-0.13048
-0.17064
0.37577
-1.3125
1.3294
0.89495
0.24273
-0.26572
-2.1579
0.70014
2.7029
1.4774
0.41834
0.92117
-0.64958
-0.72293
2.0632
-0.49976
0.036713
0.69836
1.533
-0.86983
-2.1034
0.52473
-0.33594
0.37146
-1.5902
0.54202
1.6385
2.2806
1.6741
-0.77022
1.237
0.04848
-0.098452
-1.688
-0.32576
-0.032789
-0.0046164
-0.33184
-2.0531
-2.1644
1.2255
-1.4552
-0.44948
-0.059848
-1.0627
0.19707
-0.27333
1.0484
-0.48277
1.3136
0.014831
0.25935
0.91329
0.52955
-0.89756
-0.11475
-1.6653
1.3895
1.523
-0.50483
-0.74803
-0.085777
-0.28957
-0.93569
-0.62567
-0.46227
-1.46
-1.025
1.1938
-0.83183
-0.036488
0.72372
-1.2387
2.9421
-0.044814
-0.29309
-1.2602
0.50532
-2.2725
0.73445
-1.3554
-0.71436
0.68422
0.36102
0.30344
-0.29335
-0.16973
0.71294
-0.27595
-1.6596
1.0817
-1.3655
0.050155
0.27785
0.81007
1.0843
1.5477
1.5241
1.8661
0.21274
0.36951
0.04025
-0.82102
-0.34026
0.068768
1.7274
-1.175
0.24517
-1.3754
-0.062183
0.61767
2.1028
-0.15856
1.7057
-1.7109
0.98483
0.77099
-0.6812
-0.35368
-0.9965
-0.173
1.5425
0.76789
-0.83193
0.12213
0.77134
-0.81172
-0.7895
-0.99909
-0.52144
-0.9503
-0.30881
0.12303
0.17512
0.027792
-0.24911
0.49098
1.4883
0.2119
-0.58296
-0.13587
2.9313
-0.50977
-1.2799
-0.93823
-0.081804
0.43828
0.11847
-0.90108
-0.19478
0.63157
-2.0556
1.6727
1.5318
-0.9075
0.27579
1.0406
-1.5507
-0.77911
-0.59203
0.16003
1.4463
-0.58252
-0.94917
-0.0090466
-0.46112
-0.91772
0.275
0.41619
-1.5712
0.014104
1.2663
1.1933
-0.13946
-1.433
-1.5581
-0.095024
1.0624
0.76541
0.0083094
-0.83657
-0.69173
0.10922
-0.25131
-0.45204
0.4334
0.29055
0.683
-1.5383
-0.14504
1.2046
0.99439
0.19152
0.26434
0.74097
0.54788
-0.010616
-1.2529
-0.36303
0.070596
0.2816
-0.71589
-3.091
-0.19571
-0.82204
0.50772
-0.88221
0.65115
0.68709
-0.16234
2.2083
2.0636
2.8757
0.49275
-1.438
1.3843
-0.52325
1.2788
0.30966
1.5459
0.83771
0.77511
-0.26502
0.52111
-2.414
-0.85614
1.5614
1.0027
0.94576
-0.88662
-0.29201
-0.60226
0.23529
0.72262
-1.1984
1.321
-0.82261
0.57669
0.88462
-1.225
-0.5118
0.49844
1.4993
1.0624
0.054276
-1.0344
-0.81085
-0.67171
-0.62731
0.31942
-0.39909
0.75307
-0.25478
0.26614
0.36635
-1.2546
0.46259
-0.20659
-1.7068
0.13163
1.158
0.47042
0.11453
1.3272
0.35087
0.6636
0.25089
-0.53232
-0.062582
1.4294
0.45277
0.51511
0.47813
-0.5374
-0.093599
-1.3498
-0.63994
1.2194
1.1407
0.65164
1.0599
-0.0034154
-0.025134
-1.5733
0.18139
-1.7414
-0.27403
-0.059963
-0.018556
0.10241
0.12005
1.3996
-0.082109
1.8208
-0.63209
-0.70632
-0.054612
0.62664
-0.98258
1.5594
0.3747
1.2306
0.49918
0.41143
-2.0249
2.7817
0.37573
-0.96535
-0.16268
1.9237
-0.41057
0.46715
-2.5995
-1.5131
1.798
1.257
0.45075
-0.65357
0.88032
-1.347
0.48056
-0.7332
0.84983
-0.018073
0.49996
-0.42045
0.010103
0.12367
-1.9504
-0.33175
-0.68488
-0.24465
0.62073
-0.12118
-0.59695
-0.38187
0.12481
-1.4518
0.61645
-0.62033
-0.33371
-3.2146
-0.41
0.98338
0.071515
-1.1245
0.85978
0.55781
-0.045559
-0.1542
-0.11431
0.89858
0.82528
0.60351
1.4198
-0.88644
0.55111
-0.92369
0.65413
0.32176
1.0297
-1.4576
-0.063179
0.019501
-1.1253
-0.33402
0.082441
0.51738
0.12646
-0.038364
-0.62982
-2.2208
-0.11678
-0.098098
-0.30983
0.55788
0.1978
-0.70209
-1.1798
0.83541
0.13921
1.0312
0.018522
-0.87054
0.54264
-1.1227
-0.23626
1.6309
1.347
-0.37873
-0.51768
0.21378
0.96789
0.71477
-2.2267
0.19665
-0.1927
0.40999
0.34845
-0.65501
-0.078982
-1.0538
0.79929
-0.3707
-0.27936
-0.82763
-2.2504
-0.23092
-0.54146
0.4318
0.41936
1.9611
-0.67644
-0.075458
-1.7099
-0.042408
-0.15714
-0.17139
-1.678
0.84379
-1.0967
1.1167
-0.9802
0.939
0.68419
-0.48885
-1.5299
-0.83476
-0.3964
0.84292
0.025766
-1.0125
-0.051216
0.22153
1.3964
-0.13049
-0.10907
-1.984
-0.38061
-0.76271
1.9605
-0.23932
-1.6787
0.19405
-0.32815
6.0255e-05
0.54025
-0.32226
1.0018
0.98811
-0.93527
-0.26948
-1.2232
0.77812
-0.52793
-1.54
2.1603
0.87601
-1.1937
0.20962
-1.9912
-0.013579
0.96297
-0.16779
-0.73091
1.0456
-0.51662
1.2924
-1.6306
0.57092
0.34438
-0.11248
0.12205
-1.3883
1.7041
0.32559
0.80793
0.010025
-0.050974
-0.88477
-2.5405
-0.90249
0.31134
-0.28418
-0.16653
-0.49865
0.86599
1.1404
0.025441
-1.226
-0.84999
-0.70956
-0.3418
0.15905
0.9875
0.16185
-0.41514
0.32304
1.1308
-0.76875
1.068
-0.43633
-0.74114
-1.2873
-0.85453
-0.55999
-0.13592
-0.33068
0.81237
-0.49455
0.50855
-0.97738
0.37299
-0.40868
-0.58609
-1.4102
0.23943
1.2123
-0.040816
-0.67964
2.1536
-0.47328
-1.1923
1.0122
1.1618
0.23764
-1.6632
0.13684
-0.37014
-0.46613
1.5925
-0.73108
-0.6165
0.92027
-0.18343
-1.0978
-1.424
0.11501
-2.1913
1.1551
0.28356
-0.10646
0.47421
-0.15729
-0.30129
-1.524
-2.6261
-1.93
-1.2219
0.033606
-0.59338
2.2074
-0.86661
0.74427
-2.1127
-0.3855
-1.1922
1.8139
0.63611
1.2482
0.10637
0.35739
1.1165
1.076
-0.3189
0.45099
0.25605
-0.76585
-0.73833
0.38516
-0.16721
1.1299
2.5069
-1.3015
-0.65708
-0.75447
0.92072
1.9717
0.70956
-0.30367
0.62407
-0.735
0.25756
0.65183
-0.63502
-0.064912
-1.2057
-0.69497
-0.041463
1.1156
0.95753
0.17144
0.070223
-0.849
0.40834
-0.45431
-0.41699
-1.5338
0.080282
-2.1039
0.5913
-0.037028
-0.085946
-1.17
-0.38065
-1.4692
-0.89654
-0.38331
-0.1617
0.19851
-0.33337
-0.87112
0.42066
-0.52235
-1.6722
-1.1986
1.4109
0.064803
1.1453
-0.57209
0.31282
-0.84761
-0.65952
-2.6879
1.303
1.2906
0.80437
0.602
0.80911
0.5164
0.88257
-0.5933
-0.10328
0.3234
-0.64364
0.53051
-0.57905
0.68117
0.047534
0.68503
-0.80407
-1.113
-0.95305
1.1263
-1.8779
-0.88286
1.169
-0.94144
1.2414
0.41427
0.78152
-1.7481
-0.97698
0.10728
0.80937
-0.21589
-0.096735
-1.2968
0.29259
0.12319
0.66441
1.5255
-0.058626
0.92521
0.10078
1.1681
-0.92973
0.5625
1.9628
1.2273
1.2063
0.42649
-0.56203
-0.14854
-1.3535
-0.55567
2.311
-0.99755
0.32313
-1.9106
-0.059595
-0.51854
-1.1139
-0.56924
-0.26751
-0.71127
0.45635
-0.014338
-0.18329
-2.2204
-0.91431
1.1403
-0.33714
-0.39757
0.8268
1.2911
1.8064
1.9006
0.57061
0.45423
-0.30917
0.43179
-0.8489
0.95292
0.18565
-0.39302
0.44086
-1.4774
2.8576
-1.0688
1.2966
-1.1938
-0.010681
-1.0211
-0.70186
1.2334
0.15674
0.72345
0.017115
-0.065801
1.0996
-1.4222
-0.59848
-0.41844
-0.71706
-0.86571
1.0696
-0.014705
-0.0050862
0.66643
0.14235
-1.249
0.22929
0.74375
-0.84603
0.6863
-1.6169
-0.42544
0.61329
2.3128
-1.5457
1.1929
0.26061
0.39732
1.8136
-0.58178
-1.2328
0.8398
-1.2146
-0.67772
0.26005
-1.162
0.20525
1.0005
-1.3302
-2.7933
-1.2441
1.097
1.2226
-1.2393
-2.6056
0.73063
-0.63286
-1.5162
-1.394
0.84469
-0.19875
-1.2167
0.88229
1.3828
-0.027452
0.21105
-0.25837
0.22663
-1.6999
-0.91028
2.0143
-1.5171
-0.95325
0.079846
0.78825
-1.5177
1.0511
0.14341
0.27041
1.5084
0.3663
-0.84493
1.8509
-1.899
-0.75153
1.1244
-0.094854
0.26882
0.43669
0.25268
0.58318
-0.81181
1.1717
-0.18487
0.11347
-1.7215
1.3237
-0.96777
0.36168
-0.95382
-0.13736
0.34859
-0.74216
-0.078147
0.10268
-0.11315
-0.5184
1.553
-0.014746
2.6936
0.38156
-0.19664
-0.88776
1.7154
1.3386
0.52598
1.4214
0.065023
0.020763
-2.605
0.43029
0.44582
0.57128
-1.9708
1.044
-3.0564
-1.5778
-0.30648
1.761
-2.1927
-0.17887
-0.90188
-1.9141
-0.20032
0.46434
0.93344
0.50418
0.277
1.4257
2.3489
-1.9855
0.76054
-0.12125
0.64775
0.022964
0.73897
-0.28751
0.25934
-0.46422
0.51322
0.23592
0.37437
-0.088458
0.60841
-0.070234
0.52202
-0.17461
1.9104
1.5961
-0.66397
-0.93341
0.69088
0.65498
-1.6496
1.4518
-1.3679
1.2371
0.52122
0.33764
1.4733
-0.89092
0.37341
-0.2612
-2.0007
-0.51236
-1.1413
-0.81999
-0.4956
1.511
1.5917
-0.66133
4.1796
0.51607
0.38889
0.36334
0.50077
0.29997
-1.0241
1.144
-0.076023
-0.33457
-2.6985
-0.28972
-1.0796
-0.19519
1.1478
-0.85044
0.27455
0.031259
0.12644
1.7256
-0.56881
0.3173
-0.12593
0.64272
-0.51482
1.0659
0.79822
0.86349
1.9051
-1.6736
-0.60753
0.66928
-0.059205
-1.6538
0.28087
-0.70647
-1.1668
0.31039
-0.011669
0.23961
-0.36139
-0.17711
0.55709
1.3135
-1.0789
0.22274
-1.071
-0.91786
0.53009
-1.6204
1.2037
0.11416
-2.1508
-0.090715
-0.64924
-0.093303
0.74952
-1.6171
-1.9901
0.81562
-0.67874
-0.69869
-0.46844
0.47788
0.31149
0.52567
1.3899
0.095621
-0.42664
-0.42914
-0.9235
-0.39495
-1.1824
-0.2099
-0.81648
-0.61027
-1.2766
-1.0301
-0.79834
-0.023289
1.7063
-0.80805
0.3444
0.15997
0.88302
0.89726
0.69896
1.7578
-0.69658
-1.5946
0.99907
0.67548
-0.090679
-0.29911
-1.4646
0.68632
1.4504
0.49002
0.29172
-0.80181
-1.6436
0.097747
-0.73452
-0.28712
-0.77679
-1.9412
-2.5852
-0.94284
-0.81756
-0.41482
-0.35951
0.87975
0.58213
0.61982
-0.93638
-0.45684
0.095141
0.72818
-0.097835
0.49739
0.27621
1.0813
-0.1516
-0.69879
0.34697
-0.60988
-0.70028
0.44203
-0.13042
-0.37214
-2.0478
-0.71771
-0.80166
-0.41465
2.4277
0.96988
1.3372
0.17426
1.2723
-0.0012351
2.2094
-1.9873
-0.0048142
-0.27337
-1.0233
-0.81455
0.33469
0.78558
-1.9827
-1.1834
-0.17029
-1.2871
-0.99057
1.9914
0.36947
-1.153
-0.18847
0.9034
-1.3583
1.76
1.0209
0.60174
-1.0939
0.92653
1.7146
0.69663
0.83856
1.0013
0.22853
0.18921
1.3968
0.10948
0.036243
-0.29168
-0.089121
-0.40535
0.20072
0.30242
0.21681
-0.19956
-0.189
1.9412
0.11614
0.27257
0.39058
-0.09371
-0.34306
0.33584
-0.89713
-1.2927
1.3567
-0.81859
-0.67686
0.59561
0.80945
0.75832
-0.72463
-1.0411
-0.24479
0.62507
-0.67756
-0.10044
-0.72201
-1.0043
-0.87577
0.65386
-0.27208
-0.35984
-0.78791
0.27042
0.96256
0.26807
1.0017
-0.24101
-0.001547
-0.98902
2.521
0.97709
-0.17404
0.78591
-1.7879
0.73761
-0.9644
0.013666
-1.2891
-0.94132
0.68255
-1.8543
-1.816
0.46001
-0.90174
-0.70895
-0.42696
-0.46469
0.28766
0.80973
1.3107
0.95506
-0.088119
-0.10425
0.65653
1.7122
0.89199
0.73407
-0.049328
-0.40068
-0.45109
0.64141
-1.8685
-0.5558
-0.60133
-1.7493
0.62245
-1.4319
-0.17514
0.86004
1.7403
-0.26178
0.49789
-0.19254
-0.19571
-2.7987
-0.70424
0.70589
0.8133
2.2535
0.72731
-0.58096
-1.479
1.8397
-2.2566
-1.0865
-0.38775
-0.86171
0.55592
0.42767
-2.1302
0.5924
-0.32052
0.74435
1.5319
-0.39478
0.039824
0.023734
1.3527
0.1813
0.31912
0.47018
-0.22295
-1.1581
0.49973
0.095891
0.057827
-0.80424
1.8836
0.061325
-0.31347
0.028058
-0.088093
1.2971
0.18259
1.5857
0.59638
-0.79862
1.0362
-0.51009
1.5521
1.0493
0.36878
1.5613
0.59266
1.5368
0.90805
0.32376
-0.32558
-0.04668
0.079837
0.00097416
-2.1653
-0.047946
1.4434
0.70382
0.61007
-0.73471
1.5814
-1.4974
1.171
0.065549
0.24811
-1.3338
1.2484
-1.4293
1.4823
0.51846
-1.664
-0.97075
-0.513
-2.6408
0.66083
-0.7559
0.72507
-1.9202
0.22139
2.2217
0.019758
0.18893
0.76373
0.71762
1.4725
2.6211
-1.0843
-0.22036
0.99787
-0.61172
0.01476
0.10718
-0.30882
-0.8336
1.5081
0.40492
-0.58442
0.23579
0.59944
-0.20751
0.80078
0.20086
-0.25012
1.1979
1.7907
-1.1701
-0.86453
-0.73656
-0.0018405
0.85062
0.056564
-0.64827
-0.66802
1.4127
0.038185
1.9728
-0.071208
-1.3497
2.1511
-1.3715
-0.54556
0.65143
3.4218
1.936
0.39286
-0.40648
1.1055
1.8599
-0.68944
0.74706
1.6628
0.20671
1.146
0.75118
0.88427
-0.9939
-1.3314
0.6802
0.20867
1.4177
0.89414
1.6573
-0.21883
1.7078
-0.048374
0.75557
-0.50114
0.68489
-1.8991
-0.54148
0.86834
0.017365
-1.9552
2.0563
0.29749
-0.49814
-0.43602
-1.3048
1.0335
0.54599
-0.83295
0.032696
0.40103
-0.6288
0.69727
0.040152
0.27288
0.83976
-0.41377
-1.1448
-0.51308
-1.4771
-0.75118
0.31634
-0.087118
-2.0407
-0.33005
-0.50524
0.079076
1.0821
0.2522
-0.14683
-1.7961
-0.15204
-1.0043
1.2317
-0.336
-1.1389
0.084035
-0.94569
0.40958
-1.5947
-0.66031
-0.90534
-0.046794
-0.40267
0.36738
-1.4507
-0.46568
-1.528
-0.10897
0.59635
-0.39962
-0.91839
0.6175
-0.16911
0.5695
-0.94922
-1.2128
-1.2935
-0.095887
-2.2666
-1.1496
0.29333
-1.1439
-0.24105
-0.56424
0.099759
-0.019735
-0.25637
0.1659
0.10437
2.5496
-1.2944
0.92605
-0.34781
-1.6931
-1.3521
0.41013
-0.15229
-0.89913
0.42285
-1.8618
0.041611
1.547
0.8996
-0.012167
1.3225
-0.7691
-1.0063
-1.7769
-1.2888
-0.51178
1.432
0.54414
-0.77527
0.23747
-0.41733
-1.557
0.31415
-0.98544
0.5523
-0.97854
-0.47516
1.2574
-0.6962
-1.2204
-0.41774
0.77995
-0.2093
-1.186
0.92167
1.4492
0.46364
-0.52045
-0.26166
-0.65136
0.029012
0.98732
0.9297
-0.18875
-0.35844
-0.75747
0.59507
0.10486
0.52064
-1.6436
-1.7199
-0.30385
0.92277
1.2611
-0.59315
-2.376
0.93452
0.98537
0.19434
0.72939
-0.61738
1.589
1.1117
-0.063242
-0.95435
1.5997
-1.2525
0.037001
-1.165
0.8566
-1.3444
0.34305
-1.4944
1.6272
-0.51719
0.77371
1.0879
-0.41772
-0.85155
1.7571
-0.74957
0.16853
0.0041767
-0.45039
0.34948
0.34422
-0.17536
0.15046
2.1461
0.85923
-1.1565
1.4483
-0.67583
0.1251
-0.19238
1.7337
-1.7612
0.36236
-1.1842
-0.63151
0.57011
-0.23631
-0.011477
0.66741
0.79977
-1.2447
-0.80668
0.30813
-0.80605
-0.23678
-0.15964
-0.52726
-1.0766
-2.6008
-1.5745
0.6018
-0.45407
-0.36598
1.0503
1.1414
0.44863
0.88533
1.1538
0.17962
0.86103
0.86598
-0.41081
0.13155
0.52186
-1.1271
-0.3031
-0.059403
-2.054
0.8422
0.31139
-0.31918
0.6302
1.1383
-0.3296
0.33242
-0.40748
1.5237
1.4329
2.243
-1.5681
-0.39582
0.19091
-0.23561
0.16658
1.2015
0.92427
0.66701
0.88358
0.022313
0.87596
0.26958
1.1828
-0.37188
-0.20296
0.21418
1.4236
-0.87569
0.4686
-0.5638
-0.057722
-0.32952
-0.56262
-1.1106
1.3767
-0.23537
-0.66605
-0.75861
0.87107
0.36554
0.88756
0.31183
-1.0928
-1.1699
-0.15626
0.39334
-0.74516
-0.45874
-0.46577
1.0156
-0.20384
-1.1097
-1.5537
-0.62793
-0.92767
0.15711
-0.6302
0.62996
-1.1475
0.50397
0.14778
0.078401
0.02225
-0.28696
-0.74444
-0.90682
-0.67621
0.72126
2.5958
-1.7648
0.21999
0.68224
-1.2718
0.83381
-1.9731
0.53453
0.64941
-1.9296
0.088432
0.99435
0.30016
0.89674
-0.86494
1.0355
-0.88683
1.0009
-1.0254
0.53753
-1.2382
0.19965
0.068812
-0.62446
0.26768
-0.65031
-0.57267
-1.3952
-0.30397
-0.21343
-0.98757
-0.030984
1.6648
-0.86092
-0.58188
-1.485
0.74079
1.1484
-0.60288
-1.3938
-0.41067
-0.61737
0.0011592
0.3274
-0.55526
0.12684
0.52222
2.4356
-1.3322
-1.877
-1.589
-0.65825
0.40636
0.81981
-0.67408
1.6729
0.86009
-1.9225
1.2527
1.1258
1.7466
1.8042
0.54461
0.020124
-1.0111
0.52252
-1.1263
1.0984
-0.75615
-1.2952
-1.2009
-0.81324
1.4901
0.54903
-0.30116
-1.426
-0.70137
0.98102
0.1781
1.2474
1.4502
-0.26145
-0.37782
-0.60344
0.36164
0.0028682
1.5929
-0.71381
-1.2452
0.12354
0.55549
1.012
0.44648
0.78365
1.3844
-0.045872
1.3276
1.7756
0.50048
-0.95547
0.49857
0.1738
-0.57567
0.48875
-0.73955
-0.46919
-0.82072
-1.1609
-0.44629
0.58034
1.3795
0.051654
-0.84703
0.2065
-1.822
-0.74012
1.2035
0.5304
-0.69415
-0.37932
0.56867
0.12472
1.6318
0.22694
1.3854
-0.77613
0.22815
-0.58716
-0.1998
-0.38074
-0.96879
-1.4848
-0.94737
0.40117
-1.1399
-2.2799
1.0566
-0.19595
-2.1806
1.1883
0.72979
0.78407
0.25841
-1.1955
-0.2422
-0.16942
-0.75493
-0.87375
0.53562
-1.3249
0.8395
0.5403
1.0109
-0.09815
-0.45556
-1.108
-0.22299
0.53323
-1.3709
-0.78177
0.55527
0.03149
-0.066853
0.10993
0.060967
-1.6972
0.39268
-1.2753
1.5966
-0.86808
-0.83332
0.059088
-0.81906
0.29196
1.0659
0.54764
-1.6036
1.0334
-0.69011
1.187
-0.58312
2.1443
0.74843
1.6212
0.19937
0.71352
-0.1119
-0.62229
-0.67873
2.1825
-0.76922
-0.28806
0.58841
-0.90012
0.016727
0.045082
-1.3525
-0.087385
-2.7309
0.17476
-0.1494
0.73431
-0.12009
0.35306
0.85778
-1.3319
-0.033098
2.2235
1.5253
0.74993
0.79874
-0.37816
1.7346
1.4255
-0.50463
0.51615
1.6844
-1.4602
0.24976
0.30547
-0.51091
-0.093709
0.57886
0.68573
1.028
0.9514
-0.20925
0.79566
1.0651
-0.29857
-0.30316
2.4514
-1.5596
1.007
-0.70653
0.79481
0.93014
0.029006
0.099466
-2.0144
-0.2234
1.0714
0.98592
0.67269
-1.2897
-0.042449
0.32937
-0.17737
0.41891
0.339
0.57095
-0.3576
1.0269
0.17074
-1.8501
0.71661
-0.23274
0.48406
-0.45401
0.96709
-0.35112
-1.2868
-0.0042868
-0.11389
-0.46763
-1.656
1.6264
1.0433
-1.8126
-1.7169
1.2137
-0.72668
0.61982
-1.4552
1.194
0.24395
1.2059
-0.38897
0.16446
1.5053
-0.69925
0.34475
0.40837
-2.0616
-0.91936
1.0321
-0.26157
1.0773
0.079296
2.0647
-2.3515
1.7032
1.0264
-2.5104
1.014
-0.16028
1.9415
-1.1265
-1.3257
0.27299
-0.23504
0.51022
-0.15649
-0.78616
-0.041543
0.044499
-0.00071924
0.032026
0.25104
-0.16984
-0.90615
0.82198
-1.0903
0.049055
-0.12525
-0.3338
0.12315
-0.029538
-0.4768
1.3355
0.84601
-0.535
1.8331
-0.071395
-0.54929
-1.3723
-0.51578
1.0089
-0.89164
1.2227
0.51118
-0.51797
-0.12613
1.0813
0.098736
0.088496
-0.76917
0.50523
0.52786
-0.4678
1.1849
-1.2189
-0.17567
-1.4831
1.0726
-0.89112
0.9858
0.74437
-1.3841
-1.0854
1.0069
-0.023948
0.84171
-1.8468
-0.84354
0.44998
0.59142
2.0359
-0.36928
0.56735
-0.68187
0.57583
1.3435
-0.8254
1.2945
-0.10977
0.12322
-0.18056
-0.66669
1.9879
-0.34562
0.89342
1.9092
0.15419
1.2514
-0.30513
-1.6932
-0.67631
0.54862
0.90661
2.5272
1.7596
0.34787
0.024998
1.023
-0.018963
0.79693
1.0487
0.32218
-0.31675
1.0089
0.65237
-1.1757
-0.70429
0.9074
-0.83589
0.073665
0.54288
2.3596
-0.93867
0.91669
1.0485
-0.40077
-0.62123
-1.668
-0.12738
0.72781
-0.85631
-1.611
-0.29309
0.58759
1.0842
0.5678
-1.0825
0.056201
-0.59391
0.21287
-0.16489
1.0122
-0.20681
0.39661
1.3373
0.74889
0.60191
0.81446
-0.99823
-0.2856
-0.43095
-0.063854
-1.5769
1.4154
0.3266
0.023783
-0.15635
0.35611
-1.1279
-0.26603
-0.32569
-0.78871
-0.83927
0.14558
-0.34641
-1.2251
1.7405
0.18915
0.082966
0.4938
0.17833
-0.58191
-2.1465
0.51895
-0.69823
-1.8911
-0.41589
0.93708
0.22326
3.2057
0.27395
0.74941
0.64754
0.50516
1.7118
-1.3511
0.63201
0.083482
0.2908
0.24017
0.22756
-1.1878
0.12486
-2.0781
0.91229
0.73462
-1.5922
-1.4231
0.55364
0.19011
-0.053474
0.35706
-0.11707
-1.4619
1.5139
-0.44348
-0.018678
-0.092888
-1.0022
-0.74458
-0.60344
0.045385
1.0309
1.1895
-1.0829
-0.64491
0.29293
-0.93213
0.8977
-2.3358
-0.39583
-0.88365
-0.94276
-0.62977
-0.17089
1.5316
0.87414
-3.5367
-0.12335
-0.42791
0.097376
0.32261
0.16485
-0.02637
1.3761
-1.0131
0.0030251
1.9137
0.31515
-0.12486
0.94403
1.3078
1.0968
-0.6001
-0.58005
0.52154
0.73949
-0.30654
-1.0031
-1.2662
-0.43718
-0.37313
0.033343
0.30969
2.1917
-0.59362
-0.23123
-1.0567
0.67538
-0.50364
-0.92202
1.8113
0.1212
1.2588
0.68308
-1.1088
0.17958
-0.59732
0.61293
-0.13967
0.51219
0.19856
-1.7887
0.83324
0.68377
-0.62225
-2.0117
-0.9897
0.48511
-1.5101
1.0746
-1.441
-0.13266
-1.0616
1.761
1.1829
-1.1987
-0.63497
1.5258
0.80218
0.7544
0.75465
-0.0046566
-0.53218
-0.42082
-0.1505
-0.93641
-0.43774
-0.53837
-0.37376
0.97182
-1.3001
0.53445
-0.31342
-0.60454
0.22236
0.64883
-0.75306
0.17196
0.048975
0.049982
0.022974
1.3429
0.56836
1.5167
-0.043585
-0.80509
0.74432
-0.19932
-0.1853
-0.27989
0.70552
0.107
-1.0947
-0.64883
-0.81678
1.0006
-1.8429
0.28574
0.10964
0.9985
0.35382
-0.82476
-0.43926
-1.8983
2.1329
-0.53043
0.46894
0.79064
1.7028
0.44991
-0.18352
-0.87191
0.6147
-1.0132
-1.2048
0.34755
0.12218
0.22899
0.079574
0.26236
-0.40005
-1.5994
0.49543
-0.15727
0.9129
-0.16458
0.74797
0.3488
-0.78042
1.0645
1.9203
0.9042
0.89079
0.04499
1.001
1.1105
0.20565
-2.0553
0.69007
1.5959
-0.44777
-1.1229
1.093
-0.2731
-0.82039
-0.90596
1.3984
0.34469
1.7354
-2.1318
-2.1218
1.1209
0.47806
1.4572
-0.19551
0.16243
-1.1956
0.33657
-0.25087
-1.4806
-1.3691
1.208
-1.3597
1.2525
-0.45289
-1.1077
-0.19389
-0.86469
-0.28945
0.74136
0.26669
0.73802
1.1845
-0.29397
-0.0499
0.094883
-0.50695
0.73957
-0.4231
-0.13911
2.0865
0.53247
-1.0838
1.8644
1.2562
0.87233
0.12428
-1.062
-1.9038
-0.30261
-1.3283
-0.12848
1.2784
1.5337
0.32151
0.035963
-0.016031
1.2134
-1.0781
-0.015641
1.2236
-1.2348
-0.58137
-0.45679
0.35215
0.14632
-0.34181
0.85749
0.063507
1.0016
-0.49438
0.43206
1.6143
-1.895
0.45355
-0.55274
-0.31172
0.87007
1.2479
0.73866
-1.0446
-0.46201
1.2094
1.1708
0.86785
-2.0209
-1.8768
0.21535
0.52931
1.6354
0.47713
0.92584
-1.004
0.081833
-0.59206
-1.0608
-1.8029
1.0172
-1.6128
0.78892
0.19645
0.49405
-1.4156
-0.42951
0.86864
0.008847
1.0258
-0.79247
0.64709
-0.61379
0.45397
-0.46447
0.24245
1.1084
0.65461
-0.61625
-1.162
2.9723
0.25474
0.17832
0.080016
0.83914
-1.0988
0.75247
-2.2469
-1.0268
-0.056395
-0.5999
-0.055918
-0.32018
-0.50511
0.68078
0.33726
-0.18872
0.96436
-0.24477
0.43561
1.3335
-0.7643
0.55291
-1.2989
0.020532
0.57588
1.7342
1.1222
0.32251
-0.9298
-0.29643
0.055447
0.38637
-1.0245
-0.059451
0.44362
0.57633
1.0397
-0.59578
-0.03314
1.5589
0.37276
0.65813
-0.16269
0.34215
-2.1133
-0.23361
-0.30874
0.54929
-0.35733
-0.72604
1.0333
-0.51876
-0.56909
-1.111
-0.40425
0.18796
-0.068879
0.46632
-0.59234
0.30232
1.0559
0.16967
1.4956
-0.36313
-0.36305
-1.759
-0.31795
-0.4309
0.39345
-1.169
-0.081167
-0.099842
1.2129
0.67442
0.24078
1.3371
0.15546
0.80468
-0.31714
0.74315
-0.31172
-0.18192
1.0765
0.26229
-0.81577
1.5777
0.63813
-0.41333
0.25737
-0.61636
-0.044252
-1.5
-0.0060142
0.66561
0.44569
1.3595
0.20815
-0.8233
0.3206
-0.8674
0.52975
0.51009
0.40817
1.3241
-0.15661
0.96009
-1.1504
-0.80276
1.6543
-1.9348
-2.4385
2.4313
-0.98133
1.611
-1.2122
0.46521
-0.908
-0.42798
-0.0074183
0.87934
0.082057
-1.3551
-2.1364
1.0905
0.073254
1.0045
-0.26358
-0.87985
0.64602
0.64127
-1.8469
-0.63992
0.3265
0.34594
0.11807
-1.651
-1.5263
0.24174
-0.10461
1.2521
2.3517
0.014125
0.46582
-0.24652
-1.2065
0.1832
-0.3642
-1.2043
0.080787
-0.85371
-0.36258
0.56513
-1.8241
-0.76202
0.028965
-0.84149
1.2089
0.39456
0.014597
0.98284
-1.036
-1.1145
-0.78135
-2.7758
1.1423
0.41445
1.1378
0.96346
0.23648
-0.65628
0.77448
0.35367
0.016056
-0.79717
-0.64925
0.39951
-0.58026
-0.016075
-0.70194
-0.84485
-0.92903
0.57491
1.419
0.57942
-0.66931
-1.0355
-0.86664
-0.66916
0.35799
0.11611
0.79008
-2.0696
0.68815
0.76106
1.3674
-0.36106
0.84118
-1.158
-1.2726
-0.28493
1.2266
-0.03985
1.7117
-1.8758
-0.81966
-1.309
-0.30858
-0.79597
0.62464
-1.5568
0.1382
-0.56883
1.1615
-1.7821
0.028906
-0.23558
0.6708
-0.45411
-1.2317
-0.53418
1.4994
0.26334
0.7871
0.39511
-0.10116
-0.39751
0.74699
0.70927
-0.91486
-1.0519
-0.85094
-1.1457
-1.2706
0.66863
0.19382
0.87986
-0.029237
0.99076
1.2539
0.73096
-0.70796
2.0039
0.14219
0.27918
-0.9632
-0.68969
-2.7408
0.90811
0.312
0.85974
-0.22451
1.2346
-0.16071
-0.15442
0.65406
-0.58804
-0.045025
-1.2179
1.1249
1.2458
-1.4903
0.65033
-0.15669
0.20739
-0.49991
-0.02699
0.27855
-0.67598
1.3111
-1.2365
-1.5249
-0.50685
0.72897
0.22119
0.21693
-1.1105
-0.35384
0.12684
-1.2513
0.85079
-0.093954
-0.69409
0.71832
-1.7884
-2.3846
-1.1145
0.73016
-0.64962
-0.70832
-1.4069
-1.832
-1.952
2.1598
-0.85016
-2.3449
0.04901
-0.022091
0.073663
-0.077683
-0.80434
-0.82147
0.41352
-0.72624
-0.50729
0.69282
0.85172
-0.59632
-1.5954
1.4488
0.32129
-1.248
-2.0838
0.32713
-1.05
1.178
0.75401
1.8402
-0.83089
-1.1763
-0.20302
0.27683
0.28328
-0.055096
-1.6802
0.54308
-0.60356
-1.035
1.2179
0.65922
0.38861
-1.7403
0.14454
0.21772
-0.021879
-0.1709
1.0655
0.080137
-1.4683
-0.17064
-0.092379
0.41914
0.6585
-0.03289
-0.9621
0.87163
-0.23816
1.5421
0.90864
0.42266
-0.92511
0.34283
-1.191
-0.15346
-0.35554
0.31396
-0.88311
-0.21108
-1.6293
1.3901
0.020091
1.3117
0.8491
-2.0279
0.53999
0.32737
-0.48364
-1.3222
1.024
0.8849
0.75459
2.5029
1.8082
-0.11612
0.75649
1.3589
-0.19816
0.95817
0.061508
-0.89506
-1.2529
0.82264
0.56701
0.85272
-0.28901
-0.69123
-0.67404
-0.16623
0.76221
-1.9293
-0.97547
-0.81794
0.76004
1.7715
0.34047
0.2433
1.1833
-0.19211
-0.012092
-0.32898
0.55059
0.45123
1.4994
-0.20788
1.5786
-0.60168
0.51926
0.3025
-0.25442
-1.4685
2.5023
-1.6396
-1.6152
1.9793
1.694
-0.46497
-0.032886
0.78531
-0.085682
-1.0672
-1.3773
-1.4396
-1.2493
-0.20034
-1.584
0.87416
-3.606
0.38318
0.48547
1.1841
-1.0188
0.1755
-0.31148
-0.65259
-0.36954
2.2052
-2.1334
1.0561
0.28419
-0.53077
0.73783
-1.0536
0.37961
0.61856
0.30099
0.47576
0.41045
-0.82345
0.15948
-0.25764
0.33669
-0.33252
0.95941
-1.1503
-1.2893
-0.72927
-0.1032
-0.07545
0.23557
-0.70539
-0.88655
-0.33859
0.29495
0.46807
-1.2986
1.4591
1.2009
-1.3386
0.81814
-0.74382
-0.46359
-0.7486
1.8519
0.37693
2.1268
-1.5013
-0.46991
0.50347
-0.59706
-0.11045
0.18291
-0.42516
-1.0849
-1.5172
0.29573
-0.23998
0.97443
1.6044
-1.0261
1.5338
-0.86801
-0.44279
0.2752
-0.30917
1.0337
0.60641
0.95237
0.72139
-0.76469
-0.66479
0.65505
-0.26808
-0.78504
-1.4173
-0.17982
1.4298
0.65955
-0.62494
-0.23225
0.7718
0.68068
-1.3123
0.61001
-1.2428
-1.2928
-0.66199
1.0845
-0.17778
0.88814
0.74266
1.4878
0.92364
-0.86907
1.125
-0.27495
-0.17841
-0.99474
-0.49574
1.3179
0.35584
0.49668
0.26376
0.098501
0.61364
-0.2972
-0.42949
-0.48949
0.62644
-0.30721
-0.37334
1.1514
0.42082
0.8029
0.2251
-0.82442
1.105
-0.068243
-1.3513
1.1443
-0.26255
0.19302
0.48486
-0.79751
-0.012107
0.28402
-0.65438
1.5558
-0.10673
0.53846
-0.40726
0.83961
-3.5226
0.15575
-2.1453
0.96719
0.033366
0.53331
1.1124
-0.58912
-0.5685
-0.16548
1.622
1.8991
1.739
-0.80357
0.18442
-2.5821
1.3317
-0.72258
0.17522
2.6063
0.3387
-0.26827
1.0632
0.53215
0.16718
1.287
0.0301
-0.52241
-0.7656
0.22358
0.23735
-0.79549
-0.14244
-2.0988
0.13052
-1.4534
-0.10309
-0.8203
2.1715
0.040392
1.6339
-0.22625
-2.3819
-2.0553
-0.053893
0.92744
0.69785
0.75725
-0.18588
2.3077
0.59625
0.4514
1.7835
-0.28755
1.0336
-2.0446
0.41517
-0.80816
-0.42335
0.164
-0.7081
-0.64041
0.1916
0.62961
0.42452
-0.3831
0.45843
0.19067
-1.2422
0.7114
-0.73634
-1.178
-0.56701
-0.36722
-0.039195
-1.4023
-1.3076
0.20976
0.12366
-0.40781
1.1059
-0.76536
0.22866
-0.43425
0.64677
-0.41048
-0.060279
-0.73693
-0.31436
0.37491
0.10283
-0.86673
0.678
-0.59681
-0.27862
1.174
0.79728
0.4023
-0.046533
-0.26479
-0.90225
0.68914
-0.15686
-1.5356
0.68425
-0.66121
0.028188
0.85541
1.6436
-0.65844
1.5647
0.27042
0.15462
-0.034678
0.013413
-0.02292
-0.44927
1.2049
1.0797
-1.0184
-0.032884
-0.90259
-0.16238
0.53926
0.46401
0.24446
1.0957
-0.28317
1.6361
0.54361
1.169
-0.65006
0.058883
-0.53866
0.92066
0.31698
-0.12012
-0.58457
0.15218
-0.5499
0.06788
0.12872
1.2475
-1.6304
-0.11376
0.20459
-0.17968
0.46182
0.36633
-0.35764
-0.53265
-0.15752
-2.1656
-1.2413
-0.22643
1.1248
0.88497
-0.47263
-1.5708
1.4979
0.11108
-0.53705
-0.25129
0.57522
0.2223
-0.16267
-1.8875
0.83823
1.1014
-0.085971
0.89213
-1.2622
0.53539
0.4227
0.27572
-0.15762
0.25513
-0.031223
0.13084
-2.1511
-1.3703
0.39505
-1.5191
-0.32767
1.0377
-0.10838
0.17885
0.12977
-0.32212
-0.14034
0.78746
-0.73654
0.99389
1.1171
-0.96532
1.4576
0.79149
-0.33093
-0.52222
-0.79825
0.45982
1.7507
1.1525
0.61512
0.14504
1.242
0.47179
-0.053132
0.52882
0.58922
0.59451
0.86786
1.6041
-0.4495
0.60685
1.5001
0.36319
-1.1387
0.097429
1.0976
0.15665
0.32015
-1.4756
-0.64913
-0.58272
-1.5491
0.15714
-1.5226
0.56037
0.59288
0.57449
0.43344
0.025308
-0.43268
-0.31058
0.21945
-0.44656
0.79865
0.26371
2.0723
-0.030024
0.48837
-0.60204
-0.40788
-0.37635
0.20883
-0.30034
-0.6748
1.2372
0.90636
2.0429
1.8425
0.19752
-0.16692
-1.1958
0.22009
-0.65395
-2.3
0.46845
1.1753
1.7873
0.44238
-0.89205
0.45733
0.64205
1.9367
0.22888
-1.0656
0.0096299
0.51191
0.81571
-1.356
0.72703
-0.32941
0.35576
-0.21452
-0.31668
-0.53178
0.56818
0.34007
0.63112
0.32733
0.88716
-1.0398
2.365
-0.24499
-0.64328
-1.8221
-0.98946
0.80101
-1.271
0.36074
-0.53346
0.48273
-0.78144
-0.12355
0.36867
1.4774
-0.67146
-1.1493
-0.21836
0.57844
-1.2392
-0.5415
-0.27037
-0.046483
-0.88425
-0.99333
-0.22611
-0.19266
-1.9993
0.10449
0.87483
2
0.75455
-0.072361
-0.082686
1.7218
-1.0423
0.58197
-0.84643
0.98813
0.27472
-0.44438
-0.03936
-0.19873
-0.033702
-0.85077
-0.096532
-0.013872
-1.5314
-0.21401
-1.281
0.96157
-0.31761
1.3146
0.29409
-0.31941
-1.2183
0.68292
1.2554
-0.77784
0.65168
0.47182
-1.512
-0.80595
-0.30666
0.34959
-1.6876
0.46666
-1.2806
0.23378
-1.9769
0.3625
-0.99572
0.055683
-0.33844
1.6107
2.381
0.45217
-1.0029
0.26747
0.14338
0.097126
0.42626
-0.9072
0.24408
-0.29271
-0.16172
0.59303
-0.091841
-1.0622
-0.63681
0.15032
-0.12668
0.93259
-0.70497
-0.88257
-1.1745
-0.0033635
-0.5352
-1.9245
-0.15259
-0.4663
0.68894
-1.9136
0.60148
-0.9458
-0.92726
-0.007185
0.81721
-1.1894
-0.018032
0.38416
-0.73855
-0.44473
-1.281
0.27668
-0.53225
-1.5318
0.049186
-0.34767
0.4379
-0.44484
-1.0751
0.81379
-1.1368
1.0519
-0.12658
1.7729
-0.0058224
-0.64818
1.4423
-0.67303
-0.29325
0.43234
0.1623
-0.40903
1.2309
-1.0487
-0.84403
0.91563
-0.81881
0.92966
1.244
1.5114
0.72418
-1.4383
0.0084931
-0.8987
0.64962
1.0373
-0.43536
-0.47457
-0.50361
-0.38231
0.53328
-0.93316
1.2717
1.151
-0.69326
0.71804
0.66661
-0.011313
-0.53111
1.0094
8.0584e-05
2.1212
1.3141
0.98491
-0.37023
-0.33006
0.43567
0.072123
1.9784
-3.247
1.1176
-0.22863
0.29104
-0.41109
1.4272
1.7257
-0.91434
1.8411
0.91492
-0.16181
0.42673
0.071004
-0.79496
-0.1228
1.2454
-0.34281
-0.083351
-0.59226
-0.98009
-1.4986
-0.17222
-0.88066
0.3592
0.21144
1.2896
-0.69205
-1.0049
-0.57931
-0.42212
-1.4786
-0.40314
-0.52643
0.3279
0.96613
1.4639
1.4079
-1.2563
1.8204
-0.41598
0.96108
1.7507
-0.040272
-0.14864
0.67474
-1.0014
-0.66844
-0.59814
0.98792
-0.061554
1.1676
-0.82956
0.84274
-0.49682
0.78061
-0.13296
0.17323
-0.33482
0.039174
-0.55564
-2.4576
-1.0978
0.25397
-1.5325
0.78479
-1.3052
-1.0385
-0.78962
1.1366
0.31592
1.667
-0.16949
-0.60709
1.0681
0.24972
-0.37444
-1.3998
-0.054485
1.1041
1.0393
2.1675
0.79604
-0.068876
0.13311
-0.48912
-1.3869
0.51086
0.43985
-0.18827
-0.15478
1.0835
0.32224
0.21218
-0.21191
-2.8998
-0.79913
4.0935
-1.4636
-0.47198
-0.58826
-0.68776
-0.45921
-0.19019
0.44367
-0.21977
1.1885
0.5483
-0.7699
-0.15705
-0.38081
-0.25789
-2.1174
-1.1452
1.8825
-0.66103
1.001
1.7055
-0.082603
0.47408
1.8745
-0.86333
0.33148
-0.84869
-1.0121
-1.0717
0.98828
0.3873
-1.5313
1.1453
1.2977
-0.96814
0.46174
-0.35168
0.62425
-0.037674
1.7146
-0.23641
-0.64488
0.82347
-0.79206
-0.50436
-0.55722
-0.63978
0.61645
-0.12992
1.4954
-0.24316
-0.30366
0.32654
0.043245
-1.0543
3.1345
-0.59132
-0.16437
0.54524
0.24514
0.13632
-0.18797
0.9002
-0.74492
0.33934
-0.21275
-1.2423
-0.86219
-0.73466
0.87859
-1.4544
-0.37462
1.8633
-0.72225
0.044023
-0.54074
-0.15318
-0.55914
-0.42017
-0.79542
0.90349
-0.053743
1.5175
-1.3319
-0.48402
0.31983
-0.21168
2.0746
0.48427
-1.4731
-1.0416
0.065904
0.46002
0.20589
0.40204
0.50415
-1.986
-2.372
0.60685
-0.92135
0.041817
-0.3157
-0.96181
0.10348
-1.8928
0.60429
0.66389
-1.1587
-0.78106
0.064309
1.307
-0.42148
-3.1921
-1.1038
-0.9883
1.4225
1.8017
-0.50732
0.27447
-1.0051
0.20361
0.22037
-0.015238
0.72859
1.2374
-0.50761
0.54392
-0.34936
0.57591
-0.40155
0.89951
-1.6321
1.1314
0.053564
1.5265
1.8431
-1.4858
0.067562
1.3977
0.75119
-0.20299
1.0999
0.61434
0.72673
1.1823
-0.51466
0.41647
0.1079
0.46208
0.45192
-0.038627
-2.7327
-0.20575
-0.72689
1.9407
-0.91975
-0.49447
0.49859
-0.94571
-1.4354
0.69055
-0.83158
-0.54337
0.21339
0.19937
1.2746
-1.8038
0.718
0.32595
-1.5949
-0.26791
-3.2384
0.78627
-0.85611
-0.6551
-0.18236
-0.34184
2.0438
-0.11463
-3.1812
0.21702
-0.43215
-0.74751
0.49309
0.4076
-0.33829
1.5096
0.19213
1.2202
0.48869
-0.76603
-0.86614
0.078712
-1.9214
-0.67195
0.18466
1.3405
-0.20446
0.59961
0.30653
0.18032
-0.14458
-1.3325
-1.4333
0.78627
-0.84212
0.7726
-0.1288
-1.9896
-0.077756
-0.44946
-0.085559
-0.36699
0.63762
1.6565
-0.27981
0.16502
-0.56072
-0.0017386
-0.10887
-0.12813
-0.14189
1.0002
-0.14782
1.217
0.29238
-2.0913
-1.2289
0.0036821
1.2284
0.069487
-0.13581
0.074919
-1.111
0.44918
1.0427
-0.74871
0.089566
0.72733
-1.0784
-0.59735
1.1841
2.4899
1.6001
1.6306
-2.0865
1.7808
-1.527
0.24105
-0.91317
-1.3902
-0.74009
-0.70631
0.10304
-0.84354
-0.52715
-1.5519
-0.94158
1.7455
0.027667
-0.11505
1.192
-0.045644
-0.78217
-0.27514
0.21324
-0.47283
0.5766
1.4745
-1.8045
-0.76402
-1.7743
-1.8813
-0.1886
-0.094404
-0.5618
-2.2799
-0.53959
-0.18001
1.346
0.20573
0.34659
0.60478
0.48487
-0.6016
-0.61415
-0.63288
-0.091501
-0.63803
-1.4535
0.71118
0.43781
-0.16036
0.19447
0.026894
-1.1459
1.3271
0.43041
1.7209
-1.3396
-0.80061
-0.30967
0.26623
-2.5207
-0.88088
-1.5235
1.267
0.27442
-0.19549
-0.60925
1.9582
1.5523
0.88643
-0.83695
-1.491
-1.5314
-0.79187
0.36338
-0.61049
-2.2174
1.6372
1.5552
0.087662
-0.87929
0.18457
0.94529
0.35711
2.7965
-0.11945
-0.004945
-0.46844
-0.23095
1.7164
0.69686
0.44056
-2.9565
-0.56612
-0.18821
0.46378
-1.8698
1.2539
1.4029
-0.081608
0.067598
1.2525
-0.10188
0.3598
0.3945
1.483
0.63547
-0.89601
-0.66807
0.45757
-1.2048
0.55939
-1.5132
0.034579
1.0417
0.54052
0.83964
-0.1929
0.80925
-1.6543
-0.22624
-1.3914
1.7662
0.27355
1.3095
1.2712
1.7426
1.3864
-1.8979
-0.39599
-0.40846
0.27163
-1.1582
-0.88226
0.81686
-0.33365
-0.91975
-1.5905
1.2443
-1.408
-0.27264
1.5007
1.748
0.96773
-1.7247
-0.97035
1.2467
0.51028
0.38073
1.4947
-0.3651
-0.70946
-1.2873
0.55539
-0.16518
-0.49252
1.3842
0.29193
-0.061409
-0.49043
-2.0126
-0.57716
0.14781
0.37074
-0.77436
-0.58358
0.4587
0.82434
-0.27342
0.49878
-0.34065
0.1612
0.24434
0.18452
0.74614
0.32141
0.20419
-1.4144
1.5533
1.665
0.70938
-0.060861
0.56344
-0.67079
0.72425
-0.047152
-1.2688
0.91215
0.77522
0.28323
0.75438
-0.49941
0.87756
-0.43044
0.4499
0.25936
1.3232
-1.285
0.88193
0.57728
0.36367
0.14062
-0.59678
-1.7408
0.77654
0.78849
0.26592
0.22932
-0.65803
-1.3545
-0.18973
0.28865
-0.52171
-0.87512
-0.58183
0.14081
1.606
-1.1593
0.90284
0.64402
1.7573
1.7323
-0.93505
-0.73627
-0.62875
-0.88835
-2.0644
-1.2644
-0.078758
0.66981
-0.59232
0.78849
-0.099999
0.43953
0.56885
-0.4073
-1.2409
0.34993
0.94459
0.38084
0.87867
-0.42865
-0.61995
0.44212
-0.45063
0.68432
1.3538
0.29445
-0.080888
0.0094874
-0.34377
2.2829
-0.80138
-0.38455
-0.52713
-0.76485
-1.6146
-0.92563
0.28813
0.38795
-1.2173
-2.0504
0.21375
-0.39559
0.43884
0.65211
-0.42427
0.30113
0.51876
-0.40109
-1.0754
0.91518
1.1596
-1.047
-1.3767
-0.32799
0.37332
-2.1396
0.030095
-1.7064
-0.15873
0.14076
-0.35524
0.51618
-1.7404
0.19046
0.67224
-1.2581
0.28741
-0.16416
0.14956
-0.62411
1.8005
-0.066763
-0.23048
-0.10933
0.99452
1.4229
0.093994
-0.24553
-1.9565
0.31496
-0.69025
0.84867
1.5471
-0.020297
-0.40852
0.83834
-1.2908
0.20515
-0.98467
0.91379
-0.48179
2.749
-0.2573
-0.64935
0.12463
0.89385
-0.21527
1.0627
-0.75136
-1.8285
-1.3559
3.0138
1.3876
-1.3953
-0.67225
-0.71847
-1.1667
0.23379
-0.15127
-0.89623
1.1114
-1.0878
0.82606
1.5151
-0.12428
0.80298
-0.46805
0.14943
0.50925
-0.46151
-0.22447
-0.34133
-1.1273
0.65676
-0.032977
1.3486
0.55831
-0.60644
-1.6267
-0.70516
-0.073823
-0.30167
0.18549
-1.5699
-0.022969
1.7731
0.33799
-0.99808
0.058884
1.8543
0.46152
0.59433
0.6315
-1.221
-0.84389
0.83862
0.33076
1.2472
0.61603
-0.07636
-0.48285
2.4044
-0.44344
-0.60894
-1.0042
-1.6652
0.95436
0.21687
-0.58769
-0.3016
-0.50016
-1.5638
-0.26999
-1.1373
-0.60744
-1.0813
0.02571
-0.27504
0.36342
0.062443
1.6606
-0.62085
0.55529
-1.6908
0.38665
-1.025
1.0414
0.35951
-0.97054
-0.57918
0.092516
0.31711
-1.2954
-0.52635
-1.0554
-0.12716
-2.6115
-0.15613
-0.92366
0.63245
0.31048
0.57988
0.30495
-0.54739
-0.10277
-0.23977
0.63509
2.4397
-0.67093
0.61395
0.02161
-0.53693
1.2963
1.2381
-0.57431
-0.16184
0.82162
-0.23592
-1.2399
-0.85601
-1.2811
-0.1537
-0.80424
0.29155
-0.7394
0.81553
-0.47191
0.086422
-0.07085
-0.12268
-1.0075
-1.113
0.53451
0.27691
-0.70342
-1.0584
2.101
-0.48997
2.6345
-0.12392
0.16391
0.88242
0.68346
-0.017543
0.94207
-1.3347
-1.4129
0.7395
0.078329
-0.48747
1.1619
-0.89616
-1.617
-0.23769
0.2188
1.1798
-2.1269
0.040901
-0.421
0.0092449
-0.49294
0.053876
-0.51756
-0.90022
-0.30243
0.98333
-1.2094
-2.5773
1.9693
1.955
-1.1096
0.66266
-0.63067
0.69729
0.58837
-1.3824
0.2492
-0.44695
0.92969
-0.049046
0.3376
1.6879
0.86217
-0.4815
1.7454
-0.0054758
0.6185
-1.1486
-0.17995
-0.61831
-1.0905
-1.8895
1.6056
-0.17142
1.4725
-1.4971
0.13069
-0.243
-1.4897
-0.10163
-0.77174
-0.17756
-0.7341
-0.14815
0.083434
-0.25572
-1.4315
0.0096634
-0.052626
-0.37712
0.91725
-0.0048276
1.348
0.8769
-0.068901
-1.0478
-1.0546
0.10124
0.36571
-1.6308
-0.7777
-0.90583
-1.6182
-0.64547
-0.7551
-1.5022
0.5729
0.053812
-0.22246
0.66701
2.0448
0.3579
-1.83
0.75771
1.5417
0.8624
-1.1369
-0.014229
-2.6695
2.1304
0.3438
-0.21608
0.43567
0.25633
-0.80172
0.18948
-0.29485
0.43834
0.6668
0.21721
-0.34355
0.96091
-1.2547
-1.0562
0.1889
-0.24108
0.028748
0.93925
-0.72115
0.43072
1.8855
-2.0406
-1.0306
2.6479
0.17669
0.83125
-0.01041
0.39708
-1.573
-0.79876
0.011161
-0.12814
-0.70456
0.66541
0.12936
-0.82326
0.59899
-1.026
1.5937
0.73274
-0.94557
0.83802
0.15717
0.48212
0.55848
-0.77476
0.98475
0.67709
-1.4126
0.080241
2.2516
0.092607
0.33696
-1.2023
3.1455
-0.76627
-0.51075
-0.50621
-0.95393
-1.0036
-1.9775
-0.20408
-1.1467
1.112
-1.1695
-0.081376
1.0865
-1.5556
1.0874
1.1564
0.14662
-0.8394
-0.013809
0.10606
0.34838
-1.9593
1.4268
0.4672
0.66872
-0.70428
-0.96703
0.030672
-0.86663
-0.87902
1.0537
1.083
-1.0561
0.57529
0.18519
1.2669
0.72717
0.47831
0.85218
-1.6569
0.079369
1.1307
1.2363
-1.0601
1.1792
0.34267
-1.3262
1.62
0.29599
-1.9983
0.77025
0.91224
0.068541
1.8437
-0.46435
0.58346
0.82874
-0.25434
0.73385
-0.14044
1.9998
-0.069462
-1.3002
-0.55286
-0.75839
-0.12394
-0.5411
-0.22084
-0.71967
-0.87782
0.84647
1.4011
-0.83121
-0.77736
-2.1328
0.60866
-1.0597
0.12324
0.48896
-0.12229
-0.73339
0.30737
1.4782
-0.15092
-1.4104
0.33931
0.46632
-0.15413
-0.60394
-0.50681
0.069646
-0.18043
-2.0813
-0.72309
-0.56961
-0.22629
1.0258
-1.1175
1.4774
0.27625
0.16166
-1.3964
0.57893
0.5801
-0.44977
1.8825
-0.67074
0.19194
-0.28025
1.2715
-0.64519
-1.5747
0.8321
-0.81589
-0.63371
0.32701
-0.65993
1.0168
-0.90928
1.1827
0.77553
0.26849
1.2252
-0.63148
0.4169
-0.67348
-0.90686
-0.9622
-1.1293
-0.69233
-0.15291
-1.6782
0.70657
-0.1256
0.15984
-1.4902
-0.36148
0.98767
-1.0853
-1.3997
-0.11135
0.40141
-1.2768
1.0539
-0.13622
-0.8097
1.2326
-0.65474
1.3036
-0.017584
-0.84533
-0.56968
0.3127
0.19347
-0.51504
-0.047482
-0.061256
-0.13714
0.70612
0.048153
0.22669
1.4339
0.14763
0.36372
-1.5799
-1.2076
0.27673
0.46771
-0.9385
0.018395
-1.1236
2.0292
0.2213
-0.79524
-0.98609
0.52179
2.9334
1.5733
0.9582
0.72494
-0.70237
0.71564
2.2002
1.8633
2.756
1.7463
-0.934
1.8351
-0.43436
-0.3557
-0.56936
1.2322
